0, 0, 0, 0, 0, 0, 0, 0, 0, 0, 0, 0.722445, -0.131314, -0.460878, 0, 0, 0, -0, 0, 0, 0, 623140006.462, 0, 0, 32481058.953
1, -0.0020116269884112, -0.00041660065658231, -0.0011406225835933, 7481.0151196976, -0.0016350332178582, 0.0013240956799044, -0.0010462581577847, -0.0020116269884112, -0.00041660065658231, -0.0011406225835933, 0.72048644236083, -0.1308189005098, -0.46219456883992, 0.0013232401087618, 0.0016357255971114, 0.0010462581577847, 0.89009136539215, 0.002103939873913, 0.0013240956799044, 0.0016350332178582, 623140037.647, 1, 31.18499994278, 32481090.115
2, -0.0057367125162195, 0.0022580994493639, 0.0040128020352889, 8962.6015954951, -0.0053942454897931, 0.0016248149377607, 0.0047300693235156, -0.0077487836345719, 0.0018341927105437, 0.0028756503779679, 0.71498490962016, -0.12877062451028, -0.45775140094379, 0.0029551660095031, 0.0070278189164894, 6.2795014960139, 1.2782273879915, 0.0056336407398878, 0.0029489106176651, 0.0070292787076513, 623140070.896, 2, 33.249000072479, 32481123.366
3, -0.0044324613517268, 0.0016143312673617, 0.0036643792139787, 9237.2912087912, -0.0043681470657404, 0.00082775883234067, 0.003989305782554, -0.012182283504808, 0.0034406984635841, 0.0065422147957018, 0.71065060166904, -0.12751319436197, -0.45382997231773, 0.0038077151991649, 0.011391192471005, 6.2755121902313, 1.3835181164599, 0.0044458850044119, 0.0037766694500058, 0.011397425773392, 623140103.253, 3, 32.356999993324, 32481155.723
4, -0.0042505694181709, -0.0016425006381372, 0.0037307915090137, 8282.8426150121, -0.0053987906059175, -0.0014284351784199, 0.0018699162931021, -0.016444633514456, 0.0017894054804247, 0.010255667384687, 0.70575619288148, -0.12936511249052, -0.4510503296451, 0.0024258057529685, 0.016802078242163, 6.2736422739382, 1.8294535848206, 0.0055845650739776, 0.0023482342715859, 0.016796216379309, 623140136.823, 4, 33.569999933243, 32481189.294
5, 0.0069787654029986, -0.00033894521090319, -0.0026703170888121, 8340.3365963855, 0.0068298452007604, -0.0017406876147442, -0.0025043691665595, -0.009465248053858, 0.0014366157802369, 0.007588753501609, 0.7127707443422, -0.13041108902327, -0.45346454953419, 0.0006285538398397, 0.0099869010575159, 6.2761466431048, 4.462836882341, 0.0070481755680795, 0.00060754665684174, 0.0099663711785488, 623140170.007, 5, 33.184000015259, 32481222.479
6, 0.0055373428575195, -0.00023952401651445, -0.0029592259058391, 8174.1198643046, 0.0056582111173304, -0.00085183603224833, -0.0025952992050785, -0.0039267015237193, 0.0011900766960931, 0.004632354340186, 0.71842420146852, -0.1309107742967, -0.45616849539523, -0.00025575161531317, 0.0043336750486562, 6.2787419423098, 4.5629625012193, 0.0057219732325586, -0.00024428937540659, 0.0043081600612184, 623140203.624, 6, 33.617000102997, 32481256.097
7, -0.004081670983507, 0.00082228478940675, -0.0031895778322501, 8189.8834148176, -0.0024781130825419, 0.0043104896664784, -0.0016697998160833, -0.0080045494897627, 0.0020280726434732, 0.0014419620176573, 0.71491148393289, -0.12801756112691, -0.45905762487633, 0.0040636516820853, 0.0067962175120539, 6.2804117421259, 0.52176131623031, 0.0049720584886627, 0.0040662002910718, 0.0067862731437604, 623140236.253, 7, 32.628999948502, 32481288.728
8, -0.0070460823030932, 0.0015760000015549, 0.01623206807384, 8448.6884261113, -0.010129497163524, -0.0056487720090894, 0.013457182014973, -0.015065807856155, 0.0035441494863696, 0.017673181965925, 0.70679459824708, -0.13068571872085, -0.44328396999721, -0.0014885754209961, 0.01697886005049, 6.2669545601109, 2.0794982410118, 0.011598074753877, -0.0015825717180176, 0.016915770307285, 623140281.054, 8, 44.800999999046, 32481333.53
9, -0.0017219342063055, 0.0010879822566063, -0.004058460945615, 8639.8379089883, -4.0788584137984e-05, 0.0039504538204462, -0.0022387762176116, -0.016770772433994, 0.004677847296273, 0.013619973983816, 0.7057597708915, -0.1277776804844, -0.44679758170736, 0.0024620429327104, 0.016959949527547, 6.2691933363286, 0.01032467069434, 0.0039506643866664, 0.0023678821024286, 0.016956558891423, 623140314.333, 9, 33.279000043869, 32481366.81
10, 0.0005031040183236, -0.0019088673185941, -0.0051668573501911, 8481.9481203008, 0.00116451775016, 0.001658545562091, -0.0051464966723495, -0.016268441673068, 0.0028089252068043, 0.008438400741577, 0.70632632180609, -0.12780599313763, -0.45240364997487, 0.0041071816512077, 0.015776570860037, 6.2743398330009, 5.6710299686255, 0.0020265426153845, 0.0040264276645196, 0.015792041141263, 623140346.685, 10, 32.351999998093, 32481399.162
11, 0.0064136602626188, -0.00073964219632179, -0.000679247575192, 8072.9682361734, 0.0056399786296673, -0.0029573929655321, -0.0012601403555147, -0.0098569826053604, 0.0020477398280663, 0.0077620617789794, 0.71250614061973, -0.1298066062465, -0.4530901097931, 0.0011035544910958, 0.010161078811476, 6.2755999733564, 4.2294419106608, 0.0063683225495952, 0.0010690346989875, 0.010152062511595, 623140380.553, 11, 33.867999911308, 32481433.031
12, 0.0031314088922045, -0.00014941560089211, -0.0023455817193898, 7718.5581308411, 0.0033773936601047, -8.297564100777e-05, -0.0019789207619272, -0.0067237539398967, 0.0018977228988948, 0.005418949194875, 0.71576513197877, -0.12986047497295, -0.45526352387588, 0.00099830397151335, 0.0067843064281994, 6.2775788941184, 4.6878259708164, 0.0033784127770769, 0.00098605905797975, 0.0067746688514906, 623140415.169, 12, 34.616000056267, 32481467.649
13, 0.00276932628272, 0.0029056858785074, -0.0027713151411744, 7533.6839319471, 0.0042721579166826, 0.0023401489776036, -0.00025443190438855, -0.0039439206477413, 0.0048051882250352, 0.0026600313948073, 0.71939536289085, -0.12681475910674, -0.45672670765296, 0.0033150099376547, 0.0024993905773458, 6.2778333260227, 5.213516513007, 0.0048711015697122, 0.0033262080355833, 0.002502510934808, 623140446.77, 13, 31.600999951363, 32481499.251
14, -0.0016467019312549, -0.00044254570466041, 0.001306257916661, 7411.0728699552, -0.0019838308552289, -0.00034201224513776, 0.00074915049086922, -0.0055943454451896, 0.004362259460571, 0.0039614568619607, 0.71755659831778, -0.1273003283091, -0.45570911826193, 0.0029843637648242, 0.0044851474025102, 6.2770841755319, 1.7415180482034, 0.0020130964303734, 0.0029841957904456, 0.0044863417900369, 623140479.744, 14, 32.973999977112, 32481532.226
15, -0.0011479096244163, -0.00024972963994702, 0.0020883007992553, 7496.9413084112, -0.0016818032860991, -0.00091463628212388, 0.0014408469055922, -0.0067473032291966, 0.0041089661253214, 0.0060465488555668, 0.71617382852125, -0.12800528197685, -0.45385576612756, 0.0020812212613325, 0.0061731506150859, 6.2756433286263, 2.068899884051, 0.0019144246712031, 0.0020695595083217, 0.006168145076136, 623140511.444, 15, 31.700000047684, 32481563.926
16, 5.4672386628603e-05, 0.00067275150734644, 0.00036449356665547, 7491.1950580307, 0.00019240461607841, 0.00019503161785943, 0.00071650704977457, -0.0066913484607051, 0.0047803187508863, 0.0064134235303768, 0.71634302611435, -0.12751982454813, -0.45325771783679, 0.0022747267637157, 0.0059792112281884, 6.2749268215765, 5.5045675150881, 0.00027396508582873, 0.0022645911261811, 0.0059757404600576, 623140553.729, 16, 42.284999966621, 32481606.213
17, -0.0011812902641219, -0.0029843604576705, -0.0023976072041048, 7426.4349775785, -0.0014788884716769, 3.0884377676322e-05, -0.0037232122392026, -0.0078764441205198, 0.001807785342204, 0.0040030140564049, 0.71474810241082, -0.1291661906056, -0.45669028740451, 0.0023150706944565, 0.0074578710788768, 6.2786500338157, 1.5499158549619, 0.0014792109235817, 0.0022954755038574, 0.0074546289317345, 623140587.193, 17, 33.463999986649, 32481639.678
18, 0.0018628555528408, 0.00051880244059641, 0.0014865074099505, 7409.3322122571, 0.0014451640578423, -0.0014001174128753, 0.0013785003224666, -0.0060138986437336, 0.0023169991525874, 0.0054932328242198, 0.71654720501387, -0.12966303776711, -0.45501256916474, 0.00090742223531126, 0.0060200417641455, 6.2772715334932, 3.9428215466676, 0.0020121699540337, 0.00089535809098213, 0.0060094648738922, 623140619.288, 18, 32.09500002861, 32481671.773
19, -0.0011257515579607, -0.00013008147351276, 0.0022924663081211, 7188.4085297419, -0.0016743606870516, -0.00097010623455921, 0.0016718402188002, -0.0071426646480623, 0.0021831193392847, 0.0077839994727437, 0.71519498749749, -0.13033449788991, -0.45291825323024, -5.1360460293731e-05, 0.007700911997567, 6.2755996932744, 2.0959228321657, 0.0019350942655785, -7.4748143577083e-05, 0.0076838255609438, 623140653.071, 19, 33.782999992371, 32481705.558
20, 1.9193740173372e-05, -0.0011627113424886, -0.002217466136972, 6978.9592675635, 0.00020035482605996, 0.00057522003466101, -0.0024286625927926, -0.0071255602998866, 0.0010282610302098, 0.0055624100551041, 0.71516452054653, -0.13063080012559, -0.45545999764234, 0.00052257125856365, 0.0074968964204176, 6.2780283558672, 5.9480169479116, 0.00060911422951769, 0.00050047189108392, 0.0074834707348839, 623140686.434, 20, 33.363000035286, 32481738.922
21, -0.0019611286917315, 0.0001652510761653, 0.0004223506009611, 7037.6628037383, -0.0018048701253545, 0.00073411057997548, 0.000505212015702, -0.0090864430936461, 0.0011974618238387, 0.0059843445670582, 0.71324000486655, -0.13015484376129, -0.45506854300161, 0.0012664345906756, 0.0092977689257506, 6.2775231438515, 1.1844942334847, 0.0019484543908003, 0.0012345824710594, 0.0092883408602383, 623140719.428, 21, 32.993999958038, 32481771.917
22, 0.0024935393364566, 0.0009350381826576, -0.0023319380819414, 6809.5627802691, 0.0031957938714536, 0.00090626649904152, -0.0012229278831508, -0.0065887056788875, 0.0021356165160104, 0.0036581537437398, 0.7161158975266, -0.12904302391364, -0.45685131359967, 0.0021565485529885, 0.0060974387426383, 6.2787460717347, 4.988715269259, 0.0033218093617945, 0.0021408489701009, 0.0060925469887847, 623140753.143, 22, 33.715000033379, 32481805.633
23, 0.0019672736781991, 0.00191414449706, 0.00043982911431769, 6711.8792974589, 0.0023261520706467, 0.00010243226596331, 0.0015185811487955, -0.0046184035558361, 0.004044700155305, 0.0041063823059406, 0.71842939605104, -0.12788213972505, -0.45565064413234, 0.0022468869191199, 0.0037707858188573, 6.2772274905859, 4.7563956194223, 0.002328406284325, 0.0022432812360642, 0.003766394918138, 623140796.273, 23, 43.129999995232, 32481848.764
24, 0.00013645458855207, -0.0011064747662767, -0.0019763108149871, 6544.6363976084, 0.00025971857749666, 0.00041297209475973, -0.0022160124119761, -0.0044802176817997, 0.0029425089747843, 0.0021277972544652, 0.71850612836383, -0.12824412976951, -0.45793720401365, 0.0026585944973079, 0.0035090675174313, 6.2794435029979, 5.7217856708105, 0.00048785211954765, 0.002656253330824, 0.0035066763406414, 623140830.505, 24, 34.231999993324, 32481882.997
25, -0.0029609020044821, -0.0008426528192726, 8.3586125181123e-05, 7166.6550822123, -0.0029683786734859, 0.00072897234538037, -0.00037592348258863, -0.0074421342123791, 0.0021028209441872, 0.0022051396066573, 0.71540810830479, -0.12835319087409, -0.45828132009965, 0.0033981113631283, 0.0064748367821508, 6.2798194264804, 1.3299826343036, 0.0030565785822608, 0.0033852256762043, 0.0064750550141273, 623140863.524, 25, 33.019000053406, 32481916.017
26, 0.00077285026925091, -0.0011965891405411, 0.0035190992476969, 7276.6136023916, -0.00069856256100085, -0.0032673812342881, 0.0018026127824003, -0.0066742982278272, 0.00089228876297972, 0.005720576993075, 0.71556182799161, -0.13092212258298, -0.45534202491404, 0.00013374117892353, 0.00718733537741, 6.278016813698, 2.9309647948883, 0.0033412227973917, 0.00011784444191626, 0.0071736175751282, 623140894.17, 26, 30.645999908447, 32481946.664
27, -0.00012937273288764, 0.0008847315742355, -0.00093887989847134, 6977.5358744395, 0.00045890628847446, 0.0012077089043101, -0.000108751768106, -0.0068007176134705, 0.0017805171303791, 0.0047845956810877, 0.71572330695708, -0.12972627998916, -0.45591454329494, 0.0013390873988866, 0.0067222587518633, 6.2781255654662, 5.9200550075116, 0.0012919581181878, 0.0013255533462264, 0.0067147112866537, 623140927.409, 27, 33.239000082016, 32481979.904
28, 0.00068073276389367, -0.00052434696538548, -0.0005203319740393, 6655.0511958146, 0.00055960496224806, -0.00033400876735317, -0.00076443615084156, -0.0061207754365587, 0.0012563131318369, 0.0042630866398338, 0.71632250130115, -0.13019420969003, -0.45657870187865, 0.0010024647372438, 0.0061642222524118, 6.278890001617, 4.1742776160157, 0.00065170512537607, 0.00099154457887323, 0.0061551063244056, 623140959.66, 28, 32.250999927521, 32482012.156
29, 0.00019877700376536, 0.00048628715442323, -0.0023365106208672, 6909.4719730942, 0.0009877938958625, 0.0016472094944819, -0.0014304661742921, -0.0059194870062245, 0.0017493227534551, 0.001928196514444, 0.71684856252027, -0.12894888960715, -0.45861843029144, 0.0026461271780983, 0.0051705376494305, 6.2803204677913, 5.7430032300888, 0.0019206863094775, 0.0026387540733551, 0.0051673124285431, 623141003.472, 29, 43.81200003624, 32482055.969
30, -5.803131150748e-05, 0.0011198519995444, 9.4472481156093e-05, 6739.5822122571, 0.00032652667046903, 0.00070256442948688, 0.00081617690459038, -0.0059765217123544, 0.0028689475934596, 0.0020259325993058, 0.71703215136164, -0.12792032496439, -0.45811716993913, 0.0033476191300574, 0.0048417132978267, 6.2795042908867, 5.8481216761871, 0.00077473637071446, 0.003341318502842, 0.0048407857580741, 623141037.56, 30, 34.088000059128, 32482090.058
31, -0.00012126707220446, 0.00066370430349586, -9.9249492090257e-05, 6902.1689088191, 0.00015820720356548, 0.00054967901554886, 0.00037132603943888, -0.0060969746199638, 0.0035330692655927, 0.0019284931834679, 0.71707060437178, -0.12723425228621, -0.45797130387645, 0.0038966822984744, 0.004681381850636, 6.2791329648473, 6.0029423104863, 0.00057199347845475, 0.0038909975183908, 0.0046825785545086, 623141071.372, 31, 33.81199991703, 32482123.871
32, -0.00011196885115026, 0.00070209324186852, -0.00010237184199977, 6980.1724008975, 0.00018120006306627, 0.00057254617262817, 0.0003940930794792, -0.0062080864108476, 0.004235580324378, 0.0018280646911806, 0.71712695604656, -0.12651335070743, -0.45781384062633, 0.0044684533111066, 0.0044977504606613, 6.2787388717678, 5.9766776185364, 0.00060053524679771, 0.004463543691019, 0.0045013784914424, 623141102.997, 32, 31.625, 32482155.498
33, -0.0026438429698424, -0.0014850456317051, 0.0019161003015035, 7102.0085949178, -0.0034152861459456, -0.0009466928404998, 0.00055344353814269, -0.0088573348797017, 0.0027470095735002, 0.0037339489698904, 0.71402020758722, -0.12795625566974, -0.45663944272163, 0.0035379019145438, 0.0079174698337576, 6.2781854282296, 1.8412000514798, 0.0035440664205036, 0.0035168508505192, 0.007916664637388, 623141136.244, 33, 33.246999979019, 32482188.745
34, 0.0036243225387693, 0.00065534431412153, 0.002045425818844, 6594.4874766355, 0.0029140757585342, -0.002442175293471, 0.0018146347084081, -0.0052346054296237, 0.0033865129421199, 0.0057872216269306, 0.71752097139755, -0.12895068638001, -0.45431113313723, 0.0010785556296692, 0.0050178716163044, 6.2763707935212, 4.0148666720953, 0.0038021122669533, 0.0010746755570482, 0.0050025888788537, 623141170.286, 34, 34.042000055313, 32482222.789
35, 0.00010618119075884, -0.0014503078377264, -0.004136052719909, 6812.08632287, 0.00069565464243828, 0.0015119898882599, -0.0040560511051467, -0.0051255971635025, 0.0019467217103364, 0.0016475644383073, 0.71769717833156, -0.12885308984454, -0.45878432013884, 0.0025871974982944, 0.004314988300456, 6.2804268446264, 5.8519705323336, 0.0016643463593093, 0.0025866654453081, 0.0043069342364155, 623141202.468, 35, 32.182000041008, 32482254.972
36, 5.5987747602426e-05, 0.00088260643780658, -0.00062584485661222, 6446.630044843, 0.00053843853310998, 0.0009329644335416, 0.00011606829151821, -0.0050682729880566, 0.0028308834340159, 0.001024037602875, 0.71800819073718, -0.12781567349043, -0.45905320718806, 0.0035186417225603, 0.0037739242154793, 6.2803107763349, 5.7597543466292, 0.0010771901819972, 0.0035196298788497, 0.0037684957033055, 623141235.207, 36, 32.738999962807, 32482287.712
37, -0.00082544370988862, 0.00084613299074432, 0.0017372428167165, 6343.0717488789, -0.00090336802591054, -0.00012856141572911, 0.0018928045679895, -0.0058957422790485, 0.0036730357234112, 0.0027622527849542, 0.71722078717186, -0.12744780998428, -0.45711705215832, 0.0033935329632258, 0.004677776743907, 6.2784179717669, 1.712160516836, 0.00091247017915753, 0.0033910684631206, 0.004671863729216, 623141279.013, 37, 43.805999994278, 32482331.519
38, 0.00034869385769359, -0.00070041434821833, -0.0010062702067347, 5988.6939461883, 0.0003319185893866, -5.1175231286048e-06, -0.0012306710590251, -0.0055461651505626, 0.0029751070675071, 0.0017545614582768, 0.71750315002643, -0.12782670159986, -0.45832116085814, 0.0033870373626074, 0.0043458822830356, 6.2796486428259, 4.6969721949254, 0.00033195803804601, 0.003385950939992, 0.0043399451398294, 623141313.275, 38, 34.261999964714, 32482365.781
39, -0.00070264015273396, -0.00026079755989769, 0.00048050730464692, 5953.6371449925, -0.00085156131590001, -0.00014644219131603, 0.00021448503716304, -0.0062497480749285, 0.0027135950615376, 0.0022332992473882, 0.71671030375253, -0.12807471036533, -0.45798640950792, 0.003243699147046, 0.0051979715643971, 6.2794341577887, 1.74109960295, 0.00086406133470651, 0.003239508748676, 0.0051915064557294, 623141346.142, 39, 32.866999983788, 32482398.65
40, 0.00039154700867566, -0.00027499449957687, 0.00035101153892945, 6432.2855007474, 0.00015473263111903, -0.00056933764012385, 6.3660031944704e-05, -0.0058589847080425, 0.002437067083483, 0.0025839806249973, 0.71699916350529, -0.12855193456941, -0.45773856692519, 0.002673780231923, 0.0050453938279161, 6.2793704977568, 3.4069596047098, 0.00058998943685019, 0.0026701711085521, 0.0050367738246104, 623141380.173, 40, 34.03100001812, 32482432.682
41, 0.0018461651004897, 0.0010552599299311, -0.0003189902294936, 5852.0403587444, 0.0021144988414157, 5.4626768507167e-05, 0.00038673560776167, -0.0040110694549252, 0.0034908685599586, 0.0022703299219304, 0.71907450267097, -0.12789245538637, -0.45758273077795, 0.0027199312979496, 0.0029306930308736, 6.278983762149, 4.7382176161773, 0.0021152043480917, 0.0027247978770593, 0.0029222749831947, 623141414.087, 41, 33.914000034332, 32482466.597
42, -6.2797104811529e-05, 0.0015322702462282, -0.00070984486897667, 5915.0029962547, 0.00068965080332102, 0.0014630721556401, 0.00048936383063216, -0.0040708884165279, 0.0050246302808862, 0.0015634504228637, 0.71942245715229, -0.12618823144905, -0.45769733632356, 0.0041799226443855, 0.0022345439214753, 6.2784943983184, 5.842701501192, 0.0016174666497738, 0.0041878700326993, 0.0022326241798737, 623141447.159, 42, 33.072000026703, 32482499.669
43, -0.0021277609154004, -0.0020002067441328, 0.00051799735100344, 5731.5100972326, -0.0027607038330271, -0.00066792009263294, -0.00085376336545496, -0.0062015031849145, 0.0030250360552812, 0.0020720277019976, 0.71684187956871, -0.12773678557021, -0.45802438515792, 0.0035237803229669, 0.0049980705991929, 6.2793481616838, 1.8081732685537, 0.0028403526020256, 0.0035199499400664, 0.0049933280129008, 623141480.575, 43, 33.416000008583, 32482533.087
44, 0.0019695290600139, 0.00054829390925778, 0.00018787051407959, 5989.5074738416, 0.0019039228063036, -0.00064066152746684, 0.00042378887914861, -0.0042316929977616, 0.003570700506291, 0.0022645738286162, 0.71887643211813, -0.12776298659839, -0.45756722660747, 0.0028754150133643, 0.0030967574703731, 6.2789243728047, 4.3877951474982, 0.0020088228506115, 0.0028792884125996, 0.0030894052065972, 623141512.979, 44, 32.40399992466, 32482565.492
45, -0.0030624926168483, -0.0018330753386329, 0.0012907268708261, 5722.5967862481, -0.0037443835102085, -0.0006069027208967, -0.00012752762945167, -0.007298557047805, 0.0017383643407712, 0.003545950762976, 0.71534218885289, -0.12920633516492, -0.45713027471937, 0.0022842334086003, 0.0068436552640232, 6.2790519004342, 1.7314824032515, 0.0037932491065251, 0.0022723856917029, 0.0068337887168057, 623141546.667, 45, 33.68800008297, 32482599.18
46, 0.00042935849488401, 0.00095437317315373, -0.00016431205865719, 5903.3684603886, 0.00077200804480439, 0.00053194860805581, 0.00049316283368633, -0.0068673642597663, 0.0026925697912857, 0.0033854946995214, 0.71599196270185, -0.12835742114444, -0.45691783756998, 0.002812795533827, 0.0060693247106224, 6.2785587376005, 5.3157249799411, 0.00093753172898585, 0.0028043342997587, 0.0060617806720014, 623141580.62, 46, 33.952999949455, 32482633.135
47, 0.0018666468574043, 0.000350039328067, -0.00088297911982716, 6281.4988789238, 0.0020316522782693, -7.4416571409544e-05, -0.00050338985051799, -0.0049989376763569, 0.0030424745526446, 0.0025062310466251, 0.71798418798133, -0.12816154021135, -0.45755887314878, 0.002729491479685, 0.0040380174569956, 6.279062127451, 4.6757767517382, 0.0020330147087263, 0.0027299177283491, 0.004030128393732, 623141613.54, 47, 32.919999957085, 32482666.056
48, 0.00019107763294039, 5.0024621665207e-05, 0.00076358434368648, 6060.9697309417, -1.9005911302728e-05, -0.00051657306445791, 0.00059570564788163, -0.0048089597810544, 0.0030903511360684, 0.0032702286936552, 0.71810935574405, -0.12843390458237, -0.45680526099628, 0.002213007496204, 0.0040593069611573, 6.2784664218031, 3.1048169414272, 0.00051692258181268, 0.0022133446638912, 0.0040491343050347, 623141658.58, 48, 45.040000081062, 32482711.097
49, 0.00028942012733218, -0.0012125041867174, 0.00086764099924533, 6054.7612107623, -0.00041499372277954, -0.0014512434940346, -0.00016853441060914, -0.0045228621485592, 0.0018752909175708, 0.0041353968982588, 0.71803870970018, -0.12994931971586, -0.45641411046792, 0.00076370292043959, 0.0044810221618993, 6.2786349562137, 2.8630683025679, 0.0015094129550671, 0.00076210116985659, 0.0044641280278143, 623141692.471, 49, 33.890999913216, 32482744.99
50, -0.0012822733367722, -0.00023281830550861, 0.0016578541950367, 6874.3553811659, -0.0016785923869435, -0.00058188754537594, 0.0011360652659989, -0.0058071712107814, 0.0016413766169388, 0.0057915209629993, 0.71657172049197, -0.13045184053993, -0.45496763636977, 0.00019041466827995, 0.0061625707870222, 6.2774988909477, 1.9044854831105, 0.0017765881675189, 0.00018021362448064, 0.0061427204147578, 623141724.391, 50, 31.920000076294, 32482776.91
51, -0.0020448673253537, 0.00011548544100975, -0.0028960956105826, 6434.5844544096, -0.0009956368139792, 0.002753060983508, -0.0020028858197001, -0.0078493062360116, 0.0017711894762311, 0.0028940921515634, 0.71487061969543, -0.12881229548253, -0.45776061087979, 0.0029481095211239, 0.0071452985503443, 6.2795017767674, 0.34701303548615, 0.0029275651050429, 0.0029332746079886, 0.007138357228737, 623141757.038, 51, 32.646999955177, 32482809.558
52, 0.0014214456835728, -0.00020803641237348, 0.00063074124639519, 6362.3251121076, 0.0010217247497653, -0.0011584876189218, 0.00027496631184015, -0.0064287220267788, 0.001558620370301, 0.003525268465067, 0.71615705498421, -0.12957480398633, -0.45718344881456, 0.0017857263480364, 0.0061280078483778, 6.2792268104556, 3.8643437516805, 0.0015446731134703, 0.0017747869890668, 0.0061166324789717, 623141790.041, 52, 33.003000020981, 32482842.562
53, 0.0015155871903764, 0.0018046986230387, -2.3402075756275e-05, 6019.8609865471, 0.0020095793454296, 0.00051501670241213, 0.0011184086728205, -0.0049099368263783, 0.0033607116549049, 0.0035088448819381, 0.7180479440116, -0.12824129289084, -0.45648231230157, 0.002291659122231, 0.004116122425006, 6.2781084017827, 4.9632702397837, 0.0020745243670154, 0.002289803691479, 0.0041070531335421, 623141822.616, 53, 32.575000047684, 32482875.138
54, 0.00083879115898705, -0.00048208170732081, -0.0011475400816504, 6328.2193572496, 0.00088633396406535, 3.228055338303e-06, -0.0012112899338001, -0.0040700622680449, 0.0028799744705109, 0.0023615327548856, 0.71887248080189, -0.12848371628169, -0.45772174994695, 0.0022909241285672, 0.0032297829381666, 6.2793196917165, 4.7160309947907, 0.00088633984238387, 0.0022930317468173, 0.0032207191694768, 623141855.749, 54, 33.133000016212, 32482908.271
55, -0.0021230023234064, -0.0010101893052762, 0.0016987694246462, 6191.3837817638, -0.0027202310251207, -0.0007379265276288, 0.00068501566813363, -0.0061967003882428, 0.0018688369467012, 0.0040551866446803, 0.71640369193286, -0.12952786884418, -0.45655559054917, 0.0015644511817234, 0.0059530951047164, 6.2786346760484, 1.8356947286174, 0.0028185443743549, 0.0015551052191885, 0.0059409501945975, 623141888.673, 55, 32.923999905586, 32482941.197
56, -0.00029295313216663, 0.0014878337697508, -0.00061793892348231, 5862.7466367713, 0.0004432998074407, 0.0014817064286196, 0.00053791329907534, -0.0064860577059432, 0.0033591722320411, 0.003441586507754, 0.71650855234243, -0.12784328545591, -0.45660592875042, 0.0030440038707352, 0.0055026592643839, 6.2780967627493, 5.9924791931017, 0.0015465990624236, 0.0030368116478081, 0.0054976503871568, 623141934.299, 56, 45.62600004673, 32482986.824
57, 0.0004795318506, 0.0002999754010257, -0.0004238077835277, 5879.5683856502, 0.00065122990016083, 0.00023806144517614, -0.0001370235008902, -0.0060052983912169, 0.0036596940230499, 0.0030195582313798, 0.71708625557571, -0.12752582524163, -0.4568805387899, 0.0032787931344347, 0.004850242499203, 6.2782337862502, 5.0628549895175, 0.00069337842088058, 0.0032748730929842, 0.0048464204869959, 623141965.926, 57, 31.626999974251, 32483018.452
58, -0.0010762530219914, -0.0010475110252714, 0.00062477153229424, 5907.4641255605, -0.0015079032512064, -0.00058143865009941, -0.00018465173746178, -0.0070842722483793, 0.0026119372215727, 0.0036392127313229, 0.71573756531596, -0.1284716368916, -0.45671339010189, 0.0027046885166817, 0.0063609532589932, 6.2784184379877, 1.9388225038195, 0.0016161197724266, 0.0026934344428848, 0.0063543237382023, 623141998.81, 58, 32.884000062943, 32483051.338
59, 0.00099960169080815, -0.00077850108743378, 0.001539411579977, 5988.5029895366, 0.00019260917731224, -0.0018939912949719, 0.00059224502982727, -0.0060880992696064, 0.0018261676050786, 0.0051771604695864, 0.71639518806605, -0.1299930318239, -0.45549666371541, 0.00080974634829758, 0.0061779357740949, 6.2778261929579, 3.2429391009799, 0.0019037597854283, 0.00079944314791292, 0.0061617145608901, 623142032.824, 59, 34.013999938965, 32483085.353
60, 0.00053996815713551, -0.0011369131647875, 0.00086557962128161, 5440.4327967054, -0.00016362868235432, -0.0015131607653784, -0.00013013603726846, -0.0055518658820718, 0.00068522778357474, 0.0060397660087111, 0.71658615101806, -0.13149741428727, -0.45507129178735, -0.00070252695775001, 0.0063495728689219, 6.2779563289951, 3.033874213834, 0.0015219822100043, -0.00071371761746548, 0.0063253432432444, 623142066.04, 60, 33.215999960899, 32483118.569
61, -0.00098974361471275, 0.0015711973491851, -9.8277447771161e-05, 5397.2124953236, -0.00028953059924035, 0.0015343862449206, 0.0010098231890749, -0.006536827060281, 0.0022596789089764, 0.0059455127759725, 0.71597921775883, -0.1297530738047, -0.45462160345691, 0.00083349413011537, 0.0066303007440754, 6.2769465058061, 0.18650185469231, 0.0015614637736745, 0.0008206686274551, 0.0066148738424848, 623142098.066, 61, 32.026000022888, 32483150.596
62, 0.0011111088303416, 0.00079291390159566, -0.002374993832681, 5630.1580717489, 0.001922837587529, 0.0014611046005161, -0.001292957830641, -0.0054206724929063, 0.0030570403159426, 0.0035743727985415, 0.71747360982466, -0.12842765461368, -0.45655014409648, 0.0022838227168618, 0.0046993224245631, 6.2782394636367, 5.3621763625402, 0.00241498054685, 0.0022817732279712, 0.0046920362549558, 623142131.715, 62, 33.649000048637, 32483184.246
63, 0.0014611563677506, -0.00020876640812401, -0.00104341525822, 5305.153961136, 0.0015118976782099, -0.00016081912250253, -0.00097753739863318, -0.0039582950905635, 0.0028484877020196, 0.0025326260319157, 0.71895901760016, -0.12860078864419, -0.45756584479101, 0.0021162665791919, 0.0031881566005421, 6.2792170010353, 4.6064183934523, 0.00152042670969, 0.0021209541054687, 0.0031801385767459, 623142175.363, 63, 43.648000001907, 32483227.895
64, -0.00033965682335936, 0.0017771551732977, 0.00013051358159064, 5784.548206278, 0.00030258519171525, 0.0012380756184091, 0.0012908493434435, -0.0042958878340673, 0.0046258120255627, 0.0026661735856208, 0.71900988897872, -0.12690131988209, -0.45679977846899, 0.003352932898304, 0.0028798625220116, 6.2779261516919, 6.043484510258, 0.0012745152157368, 0.0033590297238779, 0.0028775533850307, 623142207.237, 64, 31.87399995327, 32483259.771
65, -0.001378258573236, -0.0026024824907, 0.0020081323538426, 5658.6127102804, -0.0027142659120858, -0.0023040348135135, -0.00017114758617932, -0.0056822500600421, 0.002020858675916, 0.0046655171920038, 0.7168844735563, -0.1297251676278, -0.45589836454725, 0.0010629713359732, 0.0056060121652691, 6.2780972992781, 2.2746288432632, 0.0035603112031665, 0.0010549949103644, 0.0055918192971164, 623142239.643, 65, 32.40600001812, 32483292.178
66, -0.00048163196729921, -0.00016422275713245, -0.0021844655685564, 5330.3232436472, 0.00010475178881397, 0.0014347410322135, -0.0017208641780561, -0.006162049157073, 0.001863964528602, 0.0024801054092437, 0.71658444469984, -0.12898006737882, -0.45805888473704, 0.0024972565363491, 0.0054951958669381, 6.2798181634561, 6.2103036862748, 0.0014385599628714, 0.0024897359425778, 0.0054870675083025, 623142273.357, 66, 33.713999986649, 32483325.893
67, 0.0013402354470256, 0.0014152021624845, 0.0006545865238747, 5670.4751401869, 0.0015283593309787, -7.2785685031348e-05, 0.0013734379239224, -0.0048206703870081, 0.0032754805703983, 0.0031402967653376, 0.71815117557368, -0.12821127447481, -0.45686184866445, 0.0024182757133176, 0.0039671442692787, 6.2784447255322, 4.6648015233016, 0.0015300915007068, 0.0024169502575465, 0.0039587081773238, 623142306.412, 67, 33.055000066757, 32483358.949
68, 0.0011045760569698, 0.00055691302942074, 0.00017987895631004, 5944.9057943925, 0.0011375033567837, -0.00024109570889895, 0.00045886359558059, -0.0037155169866208, 0.0038302222852704, 0.0033233251984724, 0.719340694763, -0.12801956647749, -0.45644253959531, 0.0021715296003956, 0.0028308532145481, 6.2779858619366, 4.5035283080235, 0.0011627729905461, 0.0021758545486475, 0.0028212048205401, 623142339.231, 68, 32.819000005722, 32483391.768
69, -0.0014056612893659, -0.00095850183041681, -0.00016706173193854, 5588.4092100337, -0.001554481384533, 0.00010560447940892, -0.00070352992877466, -0.0051224459319056, 0.0028743690124924, 0.0031517908065107, 0.71776515756592, -0.1285195576024, -0.45700911696942, 0.0022846684360034, 0.004384804369166, 6.2786893918654, 1.5029650450752, 0.0015580644020485, 0.0022814590280565, 0.0043756862050731, 623142373.32, 69, 34.088999986649, 32483425.859
70, -0.00019024836419638, 0.00075714443453041, 0.00089980111395241, 5358.5890052356, -0.00014115403957108, 3.563323820627e-05, 0.0011823324358815, -0.0053127956362062, 0.0036295073344614, 0.0040532560317229, 0.71766143798442, -0.1280870868708, -0.45587947083102, 0.0023210192701709, 0.0045257753062167, 6.2775070594295, 1.3235204338225, 0.0001455822466934, 0.0023170922662627, 0.0045168402446442, 623142405.782, 70, 32.462000012398, 32483458.322
71, -0.00099270383223264, 4.2751143859137e-05, 0.00036164630098203, 5186.8536676647, -0.00096854555379293, 0.00025507011488604, 0.0003390211683134, -0.0063060674712566, 0.0036733112097216, 0.0044132147991781, 0.71666345835479, -0.12793750965821, -0.45555713678037, 0.0025817488107286, 0.0054928127154999, 6.2771680382612, 1.3132894394571, 0.0010015693951395, 0.0025721623811488, 0.0054853857984371, 623142449.994, 71, 44.211999893188, 32483502.534
72, -0.00022483714901328, -0.0011026624691152, -0.00099976985724218, 5288.4353512706, -0.00032665331696775, -1.4657224396353e-05, -0.0014693668051609, -0.0065314951425099, 0.0025743016547229, 0.0034095584865384, 0.7162927592102, -0.12855689730468, -0.45692568609693, 0.0025688173579879, 0.0058195388748578, 6.2786374050664, 1.6156371368116, 0.00032698199294921, 0.0025575051567524, 0.0058120391154049, 623142484.424, 72, 34.430000066757, 32483536.966
73, 0.00021395815466144, -0.00038576450037872, -0.0014799790850019, 5104.8500373972, 0.00045396229054289, 0.00054914966715548, -0.0013701398890514, -0.0063162855485012, 0.0021930057285108, 0.0019286006281005, 0.71655800611997, -0.12843847582249, -0.45847029237364, 0.0031162093121684, 0.0053634587369243, 6.2800075449554, 5.5923959304668, 0.00071249359167078, 0.0031066548239079, 0.005358076824862, 623142517.834, 73, 33.409999966621, 32483570.377
74, 0.00030364487177569, 0.00013623250861226, 0.0003837637476839, 5002.3400673401, 0.00021575271233483, -0.00028021393253011, 0.00036464371341219, -0.0060129307547616, 0.0023277326841576, 0.0023131258054339, 0.71684933665389, -0.12852133819994, -0.45804277734131, 0.0028352720170367, 0.0051486487842481, 6.279642901242, 3.7977444512546, 0.0003536510721938, 0.0028264408913778, 0.0051423241125272, 623142550.12, 74, 32.286000013351, 32483602.664
75, -0.0011126268322383, -0.00017203781827368, -0.00056724322880397, 4871.006739049, -0.00090056662897495, 0.00073199343480924, -0.00049240808028477, -0.007125094172609, 0.0021586883457923, 0.0017440730371722, 0.71577458514091, -0.12821222418077, -0.45868896442263, 0.0035702299124095, 0.006046797718637, 6.2801353093223, 0.8882904810583, 0.0011605320511848, 0.003558434326187, 0.0060428907415021, 623142585.485, 75, 35.365000009537, 32483638.03
76, 0.0010626134106828, 0.00062871361821853, 0.0023023176080573, 5089.794315632, 0.00054912403487487, -0.0014632342213819, 0.0020934428223304, -0.0060644175076879, 0.0027782684112806, 0.0040497644409387, 0.71673587417088, -0.12870484473478, -0.45622273868358, 0.0021047586199744, 0.0055036728277996, 6.2780418665, 3.5006096770555, 0.001562879263507, 0.0020952001048052, 0.0054937667066272, 623142617.147, 76, 31.661999940872, 32483669.693
77, -0.00063407586668093, 0.00074954679069859, 0.0022312844757503, 5475.2426966292, -0.00090174662249728, -0.00057775364614948, 0.0021898759693311, -0.0067000773180362, 0.0035223326233766, 0.0062824353881002, 0.71606774473605, -0.12865039988872, -0.45384383482561, 0.0015326417236894, 0.0064090059565997, 6.2758519905306, 2.1406095597515, 0.0010709557632434, 0.0015174464586557, 0.0063955133291245, 623142650.183, 77, 33.036000013351, 32483702.73
78, 0.00123681976647, -0.00053087331597925, -0.0050101319723608, 5386.7387724551, 0.0022736350150435, 0.002136341158027, -0.0041448283761465, -0.005456077482338, 0.0030043442810281, 0.0012727251107038, 0.71764313190771, -0.1276491836483, -0.45876681932695, 0.0036569905754515, 0.0041241649079858, 6.2799968189068, 5.4666646341195, 0.0031198348874759, 0.0036537876166827, 0.004121878314081, 623142682.506, 78, 32.323000073433, 32483735.054
79, -0.0010276498048764, -0.0010787730841522, -0.0011655057480763, 5673.4464017991, -0.00098925108030916, 0.0004626945932295, -0.0015445112983905, -0.0064826583765884, 0.0019294075788094, 0.00010273627430158, 0.71650721562289, -0.12799588033936, -0.4603150550671, 0.0041220740331035, 0.0051122950318222, 6.2815413302052, 1.1333028292046, 0.001092109878399, 0.0041164822099122, 0.0051111293943902, 623142716.293, 79, 33.786999940872, 32483768.842
80, 0.0018656617128564, 0.001344123468425, 0.002258946498748, 5485.2810164425, 0.0015354599032687, -0.0013293561856943, 0.0025030732762757, -0.0046191047660522, 0.0032661039036927, 0.0023678287989421, 0.71841926006215, -0.12799307170154, -0.45759480181426, 0.0027882778076618, 0.003580691103596, 6.2790382569289, 3.9988101683726, 0.0020309665144924, 0.0027871260242179, 0.0035756694911215, 623142749.903, 80, 33.610000014305, 32483802.453
81, -2.860344240082e-05, 0.00070808574364391, -0.00089798951348817, 5846.4582553351, 0.00047397459228197, 0.0010218169798538, -0.00019956675363689, -0.0046454029619632, 0.0039762949952917, 0.0014714305309737, 0.71863517692584, -0.12700167797583, -0.45819084260827, 0.0038081681206414, 0.0031025848392685, 6.2792378236825, 5.8488697440594, 0.001126393294745, 0.0038089430040717, 0.0031016948988395, 623142793.778, 81, 43.875, 32483846.329
82, -0.00056394076684278, 0.00039524668808261, 3.5332928365314e-06, 6856.7388701833, -0.00036151944754134, 0.00051051370530951, 0.00028799490072972, -0.0052090597436418, 0.0043719484453368, 0.0014747611123957, 0.71816994088383, -0.12649761236685, -0.45806370469442, 0.004320156697048, 0.0034620125084217, 6.2789498287818, 0.61617375935461, 0.00062555619592443, 0.0043194567093813, 0.0034632143463809, 623142826.418, 82, 32.639999985695, 32483878.97
83, -0.35049414846318, 0.0051328988532741, -0.037689358053224, 16924.237664101, -0.30061170605397, 0.18389348549833, -0.010429316498602, -0.35561478382298, 0.0098175290919465, -0.036988090624437, 0.37856624646417, -0.024895365493258, -0.50010292146149, 0.18791842107433, 0.30425236119923, 0.006193838100808, 1.021795748024, 0.35239780337766, 0.18821294220771, 0.30407492040035, 623142860.507, 83, 34.088999986649, 32483913.06
84, -0.23121217753928, -0.22182117337862, 0.10804683492367, 23367.748184019, -0.3156701827432, -0.10691933934386, -0.057082511679953, -0.58106826948911, -0.23470084119769, 0.029870218133429, 0.095024887401064, -0.21615238539143, -0.52241970186324, 0.070115942570526, 0.61597934346771, 0.063276349780761, 1.8973743330226, 0.33328577737259, 0.081293602863843, 0.61974510314355, 623142894.276, 84, 33.769000053406, 32483946.83
85, -0.23762477061095, -0.054954053424866, 0.1082938375043, 22669.840324118, -0.26126259587306, 0.0051566143224647, 0.054113770553708, -0.80590788843214, -0.31847013156038, 0.14824340406523, -0.15439378419255, -0.27426255486973, -0.43668807568587, 0.065808945122503, 0.87722743263594, 0.0091625792270536, 1.5510616041209, 0.2613134797013, 0.086450217186308, 0.88100769901661, 623142926.68, 85, 32.404000043869, 32483979.235
86, -0.23658929375082, -0.24622423231274, 0.10551174458889, 19598.97302799, -0.32858179254928, -0.11895249748866, -0.074952676323241, -1.0449101475098, -0.58418646827033, 0.18824884978466, -0.46212420554221, -0.45778141239431, -0.47386353246564, -0.068303912078202, 1.1998353142211, 0.084115255550294, 1.9181371607173, 0.34945055594989, -0.032502280302355, 1.2095894915659, 623142959.807, 86, 33.126999974251, 32484012.363
87, -0.25336474060262, -0.38697818668919, 0.10623009195785, 15653.632954545, -0.39451972385618, -0.20407307378122, -0.16714966119377, -1.3087635854118, -0.98586723796846, 0.15618074710477, -0.84137460160935, -0.71833923828256, -0.59761379998156, -0.3350704943845, 1.5543729715227, 0.25126491674407, 2.0481640011328, 0.44417522663254, -0.23657535408357, 1.6041092154221, 623142993.002, 87, 33.194999933243, 32484045.559
88, -0.25719890050695, -0.36081879604607, 0.25953138568106, 17889.895054282, -0.43016837632409, -0.27824243665822, -0.03513307001734, -1.4689070209365, -1.4825992815154, 0.25773407404782, -1.1826344532407, -1.1117311709092, -0.60734877321346, -0.71755544593718, 1.8951715019867, 0.28639798676141, 2.1449343172832, 0.5123120977947, -0.51481779074179, 2.0342775917462, 623143025.562, 88, 32.560000061989, 32484078.12
89, -0.22297124979673, -0.032832378859223, 0.097865176302693, 15672.746078431, -0.23737435585642, 0.019389633129942, 0.060408553856759, -1.5836679738424, -1.5948567939369, 0.47330784159736, -1.3494841023432, -1.2229876918361, -0.42449888396946, -0.75894350300554, 2.1296782225573, 0.22598943290465, 1.4892935006187, 0.23816494849403, -0.49542815761185, 2.2716519476026, 623143069.189, 89, 43.626999974251, 32484121.749
90, -0.23839310563633, -0.23023912446877, 0.11750575897672, 14606.614264189, -0.32768440052758, -0.1149456197997, -0.055311561029489, -1.7802113862012, -1.8693855514562, 0.57882476261374, -1.6591610168435, -1.3960068992656, -0.35426947734025, -0.95241543937879, 2.4179998344154, 0.28130099393414, 1.9081671746608, 0.34726007812626, -0.61037377741155, 2.5993363481301, 623143102.579, 90, 33.389999985695, 32484155.139
91, -0.23861382730701, -0.38644594525887, 0.11884946284924, 12235.092446449, -0.3845968616026, -0.21801790996544, -0.15797362750916, -2.0615748171788, -2.2567037341157, 0.54922563284583, -2.1039388526714, -1.5698916275628, -0.38300393163234, -1.2916917779791, 2.7007671479798, 0.4392746214433, 2.086502157838, 0.44209337816831, -0.82839168737699, 2.9839332097327, 623143136.505, 91, 33.925999999046, 32484189.067
92, -0.05391012583674, -0.39666910798422, -0.054351822599988, 11905.518518519, -0.17642123432526, -0.20268698772328, -0.30166262049429, 2.039052137682, 2.0029649594519, -0.17768211732983, -2.5172384639419, -1.4380303701403, -0.59626930015345, -1.5573234357156, 2.734447316604, 0.74093724193759, 2.4253669484095, 0.26871261026082, -1.0310786751003, 3.160354444058, 623143168.347, 92, 31.842000007629, 32484220.909
93, 0.012697892208899, -0.47919028448349, -0.00015637002042608, 10145.60391924, -0.16149259248254, -0.31961110579935, -0.31867455700838, 1.8646413463147, 1.7045139272357, 0.29811053092681, 2.6040780285891, 1.0920150229566, 0.90685595416796, -1.881168809263, 2.5849781285342, 1.059611798946, 2.6737312356545, 0.35809372568787, -1.3506897808996, 3.3218470365405, 623143202.91, 93, 34.56299996376, 32484255.473
94, 0.0035181426981346, -0.49764028422702, 0.063644452705668, 10798.596678529, -0.19367830583024, -0.36629080938196, -0.28289327137073, 1.5694382381892, 1.4161090610033, 0.72425312184556, 2.2411534097003, 0.66070013342177, 1.0900842037179, -2.1931481311188, 2.314278382506, 1.3425050703167, 2.6552061018406, 0.41434314666344, -1.7169805902816, 3.5155253423708, 623143234.001, 94, 31.091000080109, 32484286.565
95, -0.014142674082954, -0.466152233328, 0.059081855488351, 15480.591397849, -0.19683598117737, -0.33494491597958, -0.26468110111646, 1.2454768112395, 1.118743933084, 1.0351522567088, 1.857446309053, 0.30565045449919, 1.1718989116118, -2.4205441047353, 2.0005918442645, 1.6071861714332, 2.6102911001267, 0.38850032204185, -2.0519255062612, 3.7123613235481, 623143266.585, 95, 32.583999991417, 32484319.15
96, -0.011962139693121, -0.64484412493714, 0.059279180896892, 18177.32795927, -0.25940581094234, -0.45313518452102, -0.38322081015811, 0.77633178276738, 0.65779542768504, 1.3447863534395, 1.3072795292921, -0.14437484564955, 1.1788581540559, -2.5699537493673, 1.5034142197506, 1.9904069815913, 2.6216626259743, 0.52213300049082, -2.5050606907822, 3.9717671344905, 623143312.353, 96, 45.768000006676, 32484364.92
97, -0.033349443003784, -0.27726283927888, 0.063966863744467, 17998.901828299, -0.14715937822327, -0.20549834603325, -0.13488207527128, 0.53242340094566, 0.48677225104874, 1.4635581532714, 1.0308301003026, -0.28560775562812, 1.1835759450218, -2.6037990243033, 1.2531160035853, 2.1252890568625, 2.520136372847, 0.25275571768303, -2.7105590368154, 4.1189265127138, 623143344.815, 97, 32.462000012398, 32484397.383
98, 0.050193933646183, 0.021995313911417, 0.023611786821225, 18619.249903883, 0.046299779625942, -0.022494772349538, 0.03018371927649, 0.58480659659131, 0.47604804159536, 1.4969850614615, 1.065887476657, -0.31735362877133, 1.2212422949101, -2.5525210610959, 1.2575955433128, 2.0951053375861, 4.2601248888237, 0.051475085006907, -2.733053809165, 4.0726267330878, 623143376.841, 98, 32.025999903679, 32484429.41
99, 0.029174007171884, -0.064862261023178, 0.017913967204828, 18903.909820405, -0.0022385413394576, -0.066496137673869, -0.030860953122824, 0.55433717267515, 0.41077091500361, 1.5374112652683, 1.0164732918244, -0.38228326525727, 1.2308897430454, -2.520269378729, 1.1994040747824, 2.1259662907089, 3.1079411309516, 0.066533806390966, -2.7995499468388, 4.0748652744273, 623143409.53, 99, 32.68900001049, 32484462.1
100, -0.0056646049540989, -0.071276536424737, -0.21316772759293, 18617.120422801, 0.027168989469021, 0.085210213262681, -0.2062861557354, 0.52019316420124, 0.29148758707748, 1.3465398282778, 1.022520619635, -0.42727463023283, 0.99659552073013, -2.550857296157, 1.2832894442382, 2.3322524464443, 5.974528946763, 0.08943676220123, -2.7143397335762, 4.0476962849583, 623143442.586, 100, 33.055999994278, 32484495.156
101, 0.077515223404723, -0.0097030081001137, 0.051437977771639, 18528.45049505, 0.051677915828408, -0.072442036387885, 0.028812638937088, 0.57403602883202, 0.24685306949503, 1.4141731150805, 1.04369938222, -0.50135687284638, 1.0553779574575, -2.4637214983017, 1.2652535134608, 2.3034398075072, 3.7612349796786, 0.088985704584454, -2.786781769964, 3.9960183691298, 623143475.316, 101, 32.730000019073, 32484527.888
102, -0.12634806439636, -0.017768437798253, 0.071396723499699, 18871.334458193, -0.13854044544705, 0.0018610820922188, 0.046691800498242, 0.45239575252637, 0.342828327573, 1.4605588967746, 0.93756875973176, -0.39813615557637, 1.1144891219094, -2.5700517654426, 1.1764417828462, 2.2567480070089, 1.5573636418571, 0.1385529452997, -2.7849206878718, 4.1345588145769, 623143507.916, 102, 32.600000023842, 32484560.489
103, 0.22732479613399, 0.041821874325063, -0.1033945910473, 18984.698400609, 0.24600422465545, -0.012101779872624, -0.058749825045231, 0.6747189948468, 0.1838592928437, 1.396155720952, 1.1276919571432, -0.57864685179636, 1.0329123648133, -2.3764373075614, 1.3286311935631, 2.3154978320542, 4.6632352230375, 0.24630170852922, -2.7970224677444, 3.8885545899214, 623143541.405, 103, 33.488999962807, 32484593.979
104, 0.036519533111901, 0.025321770083835, 0.030838688728406, 18422.418029669, 0.033335488166742, -0.018549988438201, 0.038347571226936, 0.72271085153391, 0.1898709683153, 1.4238687024141, 1.1634048718426, -0.59286511245849, 1.0710830256478, -2.3391910424854, 1.3368716661273, 2.2771502608272, 4.204596798962, 0.038149139470929, -2.8155724561826, 3.8552191017547, 623143586.339, 104, 44.934000015259, 32484638.914
105, -0.27481666325633, 0.072585826218527, 0.0071352678501655, 19488.081050657, -0.22094262691596, 0.16684880163825, 0.064727471925105, 0.54728885682082, 0.43614008311982, 1.3461545244138, 1.0708103282526, -0.30000570821534, 1.0537532636581, -2.615908305023, 1.3293459339139, 2.2124227889021, 0.92399589456562, 0.27686488942559, -2.6487236545444, 4.0761617286707, 623143620.725, 105, 34.386000037193, 32484673.301
106, -0.25489813962045, -0.26674677558245, 0.020327699999448, 19793.212063004, -0.329168511234, -0.072468175175202, -0.15144825536016, 0.14994755928658, 0.38677693070226, 1.3367740234676, 0.70508608134724, -0.25108749684651, 0.9674717632964, -2.8161338571937, 1.0585880235781, 2.3638710442623, 1.7874947076882, 0.33705125011076, -2.7211918297196, 4.4053302399047, 623143650.961, 106, 30.235999941826, 32484703.538
107, -0.46840970413517, -0.40050955753301, 0.20948794975085, 22903.678451178, -0.61932529834571, -0.17887431628499, -0.0902269998208, -0.55416023095591, 0.36975477880256, 1.4059609526448, 0.040323744316237, -0.12502550419081, 0.95437658216677, -3.0972749203265, 0.47871276619483, 2.4540980440831, 1.8519661129032, 0.64463931480901, -2.9000661460046, 5.0246555382504, 623143684.493, 107, 33.53200006485, 32484737.07
108, -0.44885772050433, -0.73378616124312, 0.20168455789284, 24681.378412432, -0.71998725023891, -0.4013162537039, -0.31804978947827, -1.4500593049818, 0.026050121942886, 1.2069423612355, -0.81574623129181, -0.14559626187581, 0.63485831185717, -3.1136679065043, -0.34214933387432, 2.7721478335614, 2.0792982449982, 0.82427930702737, -3.3013823997085, 5.7446427884893, 623143717.431, 108, 32.93799996376, 32484770.01
109, -0.4684888474451, -0.87954165461084, 0.23597606293289, 15678.647036182, -0.79940185497748, -0.50880443490464, -0.38837449186737, -2.3491393310039, -0.50356481758646, 0.66649523812195, -1.724515363915, -0.1894854943962, 0.079649686394846, -2.7541698952038, -1.2128694033048, 3.1605223254287, 2.1376093804004, 0.94758919301566, -3.8101868346131, 6.5440446434668, 623143749.864, 109, 32.432999968529, 32484802.444
110, -0.46253869312541, -0.87337240451624, 0.40293851103111, 17375.928984948, -0.83724520650804, -0.60876432260408, -0.25982168305264, 2.7631285279359, 1.2572056731289, 0.15286282846396, -2.5554784388634, -0.4154684728325, -0.64939686686948, -2.0298934468551, -1.9486391960062, 3.4203440084814, 2.1994822350725, 1.0351683613289, -4.4189511572172, 7.3812898499748, 623143783.588, 110, 33.724000096321, 32484836.169
111, -0.46790041363426, -1.0339319003529, 0.27520333037547, 20408.585901387, -0.86523318195617, -0.63404107829699, -0.46156938435116, 1.660562771147, 1.1155978576228, 0.99534597524747, 2.2350634058944, 0.24134031763242, 1.2459827222582, -1.0624573503106, -2.3909912321906, 3.8819133928325, 2.2031969011677, 1.0726772805117, -5.0529922355142, 8.246523031931, 623143827.007, 111, 43.418999910355, 32484879.589
112, -0.81740391929328, -0.97968263843897, 0.2915487059755, 22190.785768645, -1.1619284287768, -0.45120170883373, -0.39908298840784, 0.26240443976155, 0.87185907834664, 1.1156615192813, 0.92677081745305, 0.23521143116213, 0.95768532960485, 0.13445625090343, -2.710082837594, 4.2809963812404, 1.9411946076528, 1.2464592474904, -5.5041939443479, 9.4084514607078, 623143857.766, 112, 30.759000062943, 32484910.349
113, -1.1279943337748, -1.3246708923359, 0.63220184526084, 20032.158358896, -1.6560688280593, -0.74428579250472, -0.36094052001281, -1.6109860918941, 0.21276118439375, 0.89663657316809, -0.88549881578836, 0.13532452566314, 0.42729823162155, 1.914376045605, -2.401877289882, 4.6419369012532, 1.9931755260224, 1.8156335820297, -6.2484797368527, 11.064520288767, 623143891.006, 113, 33.240000009537, 32484943.59
114, -0.74343529232668, -1.2495692834155, 0.51934749200722, 16467.679351922, -1.2552057017971, -0.79956596050141, -0.4110890005462, -2.6868522602169, -0.87506277199314, -0.015216993334914, -2.1382330896263, -0.18786791034169, -0.51095313941743, 3.0429722343001, -1.4468774363639, 5.0530259017994, 2.1379783144026, 1.4882362309179, -7.0480456973541, 12.319725990564, 623143923.379, 114, 32.373000025749, 32484975.965
115, -0.82098647043772, -1.3528867893986, 0.37016178087657, 12843.467253926, -1.3211207787664, -0.74184461450423, -0.5879180635391, 1.6278976690721, 1.1592622108085, 1.0852656073535, 2.1778259890129, 0.25854734995928, 1.3468823070251, 3.6586859442526, -0.084804845162808, 5.6409439653385, 2.0824461316045, 1.5151546271445, -7.7898903118583, 13.640846769331, 623143956.05, 115, 32.671000003815, 32485008.636
116, -0.78731298697039, -1.5199587408345, 0.36128347792511, 18481.948022599, -1.3489345788767, -0.86107897293683, -0.70681013645101, -0.19933293118722, 0.59128540543203, 1.3580547445502, 0.41089674934537, 0.0030082686402415, 1.0207396153199, 3.2260664653885, 1.4236581115549, 0.064568794609928, 2.1389310300523, 1.6003379317266, -8.6509692847951, 14.989781348207, 623143989.121, 116, 33.070999979973, 32485041.708
117, -0.78167910943092, -1.503252355182, 0.56352901353304, 18964.995852187, -1.3928482576326, -0.97540456990499, -0.54489859496297, -1.9203899210977, -0.30617662013522, 1.0282410414717, -1.3048749782653, -0.24629164772628, 0.39880978508727, 1.860921842301, 2.4041417667209, 0.6094673895729, 2.1817202018274, 1.700423577754, -9.6263738547001, 16.38262960584, 623144035.428, 117, 46.306999921799, 32485088.017
118, -0.82175526435148, -1.4980310282218, 0.88498190966528, 19049.407282282, -1.514085525838, -1.1490392074803, -0.29970915328079, 2.2414533746386, 1.3842776509802, 0.11998114104026, -2.932519054053, -0.76407646306869, -0.66577616880433, -0.0082460031614814, 2.7102029599397, 0.90917654285369, 2.2199690200455, 1.9007225152239, -10.77541306218, 17.896715131678, 623144067.26, 118, 31.832000017166, 32485119.849
119, -0.81907791995125, -1.1639136422234, 1.1923532036627, 19152.119548872, -1.4747049194219, -1.1178466674539, 0.15150576386854, 0.27365623326057, 1.3915333375649, 0.87415023712615, 1.0249885878583, 0.79278516398449, 0.95164263603952, -1.849804768116, 2.8740948354642, 0.75767077898515, 2.2194065647042, 1.8504960878923, -11.893259729634, 19.3714200511, 623144097.93, 119, 30.670000076294, 32485150.521
120, -0.80551541107426, -1.2095722388657, 1.1655783599701, 17617.714393085, -1.4717986382464, -1.1376164650066, 0.10065057747029, -1.5804734263824, 0.50221995773851, 0.98153133836081, -0.81905833913165, 0.33975428940786, 0.59645708554431, -3.6701763603668, 3.2533992765014, 0.65702020151485, 2.2288199959414, 1.8602049491919, -13.030876194641, 20.843218689346, 623144131.033, 120, 33.102999925613, 32485183.624
121, -0.68181083872204, -1.1249637479834, 0.88691262748307, 17684.675018699, -1.2551725361599, -0.96870377668785, -0.056376948882468, -2.7338346553393, -0.80643571631796, 0.33273610177664, -2.1614241823363, -0.22325444354733, -0.20545287407819, -5.2143559837511, 3.6121892453906, 0.71339715039732, 2.2280849100086, 1.585510990974, -13.999579971329, 22.098391225506, 623144164.039, 121, 33.006000041962, 32485216.631
122, -0.74744197032326, -1.2549035055084, 1.264705434714, 18749.49419693, -1.46328012655, -1.2536005687593, 0.14222879097856, 1.2234803654344, 1.7494709348663, 0.69090720658622, 1.9287680757756, 1.0550186098475, 1.130656458194, -7.0932077669576, 4.0326118260514, 0.57116835941876, 2.2791705928607, 1.9268375942849, -15.253180540088, 23.561671352056, 623144196.872, 122, 32.832999944687, 32485249.465
123, -0.91498286078231, -1.4462379829448, 1.329608160886, 17150.9375, -1.699419898153, -1.3430002161823, 0.070556568994296, -1.081979029214, 1.0057969493437, 0.89215639760662, -0.27325764274471, 0.6881423445149, 0.70185229670401, -9.1152804590727, 4.807902201503, 0.50061179042446, 2.2395759932182, 2.1660280632771, -16.59618075627, 25.261091250209, 623144229.248, 123, 32.37600004673, 32485281.842
124, -0.55884507110918, -1.075888526553, 1.66763719717, 15967.348281016, -1.3399479430516, -1.4656632919299, 0.55428186066069, -2.5264693390653, -0.86968582666501, 0.96829137401206, -2.0189313380904, -0.49775086730797, 0.26753116884896, -10.820803881636, 5.7779731844224, 6.2295152369434, 2.4009730793301, 1.9858573401427, -18.0618440482, 26.601039193261, 623144272.503, 124, 43.254999995232, 32485325.099
125, -0.44532212719945, -0.80260959610648, 1.6161834547995, 19704.742333583, -1.1260967423143, -1.3064325643561, 0.69259151167379, 1.1545628695883, 1.9571804966722, -0.14926301754159, 2.0159339317178, 1.6281485755152, 0.42062754565105, -11.571380127654, 7.2950806862775, 5.5369237252696, 2.4301942281037, 1.7247782229205, -19.368276612556, 27.727135935575, 623144303.29, 125, 30.786999940872, 32485355.886
126, -0.54233122597836, -0.8428259567147, 1.6579620964805, 21028.662056075, -1.2385095361803, -1.3145032243956, 0.70106523747303, -0.82411409663882, 1.3612590057715, 0.55709499893184, 0.043676138460907, 1.062571780818, 0.55931540195918, -11.079010578121, 8.9968430925755, 4.8358584877965, 2.3859519818312, 1.8060522135741, -20.682779836952, 28.965645471755, 623144337.074, 126, 33.784000039101, 32485389.672
127, -0.5972664265921, -0.49870266563454, 1.5708820762456, 19875.419282511, -1.1397155363743, -1.0114553265887, 0.86666524620359, -2.3367429802838, 0.14269169306984, 1.0083272848886, -1.5968072501081, 0.21128507778141, 0.54564101995511, -9.7257215268304, 9.5946747497263, 3.9691932415929, 2.2966415514003, 1.5238088402216, -21.694235163541, 30.10536100813, 623144369.799, 127, 32.725000023842, 32485422.397
128, -0.57669710222211, -0.6724746489294, 1.6675514818122, 18411.239536622, -1.210323739396, -1.1932401267006, 0.82269319405484, 1.9471541647808, 1.5559308636195, -0.43664679743875, 2.8371552468593, 1.2644647233007, 0.11009131010972, -8.1864842307845, 8.9865638140156, 3.1465000475381, 2.3490869923359, 1.6996192379807, -22.887475290241, 31.315684747526, 623144402.207, 128, 32.407999992371, 32485454.806
129, -0.26778027409905, -0.68710210633304, 1.9861401239151, 17162.888266069, -1.0265754868114, -1.5351246305963, 1.0383175381183, -0.25511966581403, 1.8721337761319, 0.73646960745604, 0.55624240742145, 1.3561634759002, 0.98087752453055, -7.3894871462255, 7.4063078835222, 2.1081825094198, 2.5521667328611, 1.8467443953036, -24.422599920837, 32.342260234337, 623144448.174, 129, 45.967000007629, 32485500.775
130, -0.29425859883879, -0.85652141286759, 2.0389911188061, 22099.57922272, -1.125679756801, -1.6663021511338, 0.96642850874592, -2.3552045746869, 0.30488889077701, 1.2053740194986, -1.6087657275606, 0.28455156118792, 0.75945957949095, -8.3859503245164, 5.7438023357488, 1.1417540006739, 2.5474613904864, 2.0108997423404, -26.088902071971, 33.467939991138, 623144481.859, 130, 33.68499994278, 32485534.461
131, -0.5625671488022, -0.77685427540438, 1.8420579684867, 17027.310911809, -1.2827991201164, -1.3738959941257, 0.88317503143184, 1.8333255667932, 1.4650340771433, -0.25881880959993, 2.7056713873051, 1.0938393944149, 0.20477862861809, -10.206459650854, 5.8366477788527, 0.25857896924203, 2.3904706085181, 1.8796711907262, -27.462798066097, 34.750739111254, 623144515.428, 131, 33.569000005722, 32485568.031
132, -0.87917417945201, -0.78198011554757, 1.7431196379762, 20887.986547085, -1.5402314881168, -1.1747968861516, 0.8188073341925, -0.35966795224134, 1.4256521156914, 0.54860598992816, 0.49070129656759, 1.0470594295155, 0.60288096750423, -11.112311332764, 7.4917262572008, 5.7229569422291, 2.2224015962464, 1.9371269345858, -28.637594952248, 36.290970599371, 623144547.144, 132, 31.716000080109, 32485599.748
133, -0.49483494677668, -0.43209192632022, 1.7899533221664, 17223.910687593, -1.0838379036206, -1.1468326831955, 1.0703121732967, -2.0666270650707, 0.44801312511988, 1.3740063403578, -1.3415863787445, 0.28503468237823, 0.92704925557182, -10.692971054407, 8.9404559125877, 4.6526447689325, 2.3844272743392, 1.5779511413761, -29.784427635444, 37.374808502992, 623144581.387, 133, 34.242999911308, 32485633.992
134, -0.7777609863213, -0.31745238153973, 1.8130337739306, 16544.193198804, -1.3011787078718, -0.95845682798785, 1.1751910954676, 1.7705632408799, 0.92119797429602, -0.8693697524262, 2.7054924451726, 0.80259108466137, -0.72613768663791, -9.1629198040207, 8.9213818053411, 3.4774536734649, 2.2056704125355, 1.6160772014157, -30.742884463432, 38.675987210864, 623144614.284, 134, 32.897000074387, 32485666.89
135, -0.715617345431, 0.017583663982221, 1.7328693541778, 17748.702541106, -1.1030860608873, -0.71822409449653, 1.335143760548, 0.0039000639253073, 1.424014856481, 0.033496575296478, 0.90559236723433, 1.1862189276616, 0.16225369760647, -8.8649317861972, 7.7317639249138, 2.1423099129169, 2.1479474758281, 1.3162996268476, -31.461108557928, 39.779073271751, 623144646.821, 135, 32.536999940872, 32485699.428
136, -0.63023003777482, -0.27347155090286, 1.630909154451, 18806.530269058, -1.1041893067395, -0.88547197718723, 1.0623307452189, -1.6001839535564, 0.77928056969331, 0.87615480415356, -0.78609971595427, 0.60322439370508, 0.60430437114255, -9.8860062897909, 6.8429483191179, 1.0799791676981, 2.2467071738874, 1.4153779168483, -32.346580535116, 40.88326257849, 623144680.392, 136, 33.570999979973, 32485733
137, -0.68797165166141, -0.074298493628516, 1.6299941937792, 17378.760463378, -1.0836069508252, -0.72843353619154, 1.1961968445343, 2.4642974773533, 0.52796495206355, -1.478826628683, -2.3184505581038, -0.38564970526379, 0.97079532220238, -10.970508562467, 7.4312967280386, 6.1669676303434, 2.1626408625656, 1.3056873440932, -33.075014071307, 41.966869529316, 623144712.673, 137, 32.28100001812, 32485765.281
138, -1.0144120295041, -0.040961952077288, 1.5390152309326, 16939.577727952, -1.3381007407271, -0.50453874943921, 1.1637029630207, 0.75450866503924, 0.96161455656384, -0.63961771039539, 1.6722914448766, 0.90077962608797, -0.62407689907173, -10.521666705174, 8.7103272438213, 5.0032646673227, 1.9313681911328, 1.4300604679593, -33.579552820746, 43.304970270043, 623144746.15, 138, 33.476999998093, 32485798.76
139, -0.99449292188932, 0.13545997891461, 1.5397407189854, 17553.322496263, -1.2568835500605, -0.39833666411314, 1.2805228240402, -0.93369553358378, 0.90303511649114, 0.26620165975988, -0.065129823067465, 0.78836123125165, 0.11356925890967, -9.2872715796332, 8.6578641774498, 3.7227418432826, 1.8777065828744, 1.318494731271, -33.977889484859, 44.561853820103, 623144789.692, 139, 43.542000055313, 32485842.304
140, -0.65640035605494, -0.23268914713588, 1.1905898458474, 17096.532137519, -0.99315503414968, -0.57975687497049, 0.76160021778253, -2.0151978429792, 0.094174062461899, 0.87560400753116, -1.2884723137155, 0.13808424378198, 0.39337290785051, -8.538706511146, 7.8192714625624, 2.9611416255, 2.0991835700915, 1.1499891112234, -34.55764635983, 45.555008854253, 623144820.705, 140, 31.013000011444, 32485873.317
141, -0.7045881079266, -0.15518167974484, 0.91918161331248, 17195.525411061, -0.93442330180559, -0.34258201430282, 0.61229996760632, 2.6730448627029, 0.72649777952747, -1.284852540304, -2.3081966405121, -0.42784288193003, 0.65563904681579, -8.6708911233138, 6.8474940763541, 2.3488416578937, 1.9222035154725, 0.99524335892335, -34.900228374133, 46.489432156059, 623144853.959, 141, 33.253999948502, 32485906.571
142, -0.52737175094254, -0.17106785090634, 0.94464471904047, 18702.276158445, -0.7889642338887, -0.44815903123035, 0.61353707213831, 1.6284961707542, 1.1953388067809, -0.804566979181, 2.5717105432462, 1.0894142890299, -0.54246704307394, -9.1630597091323, 6.101074210698, 1.7353045857554, 2.0873802144502, 0.907364909851, -35.348387405363, 47.278396389947, 623144887.389, 142, 33.430000066757, 32485940.003
143, -0.49250761948933, 0.16421941580706, 0.97297458091765, 15397.428998505, -0.6446062871205, -0.26133379743196, 0.85580294917665, 0.46413606929235, 1.5373618784988, -0.51886522573241, 1.4023108221276, 1.4603256579729, -0.25274505470886, -9.8338768915036, 6.0189802572355, 0.87950163657874, 1.9559630587298, 0.69556640162927, -35.609721202795, 47.923002677068, 623144919.938, 143, 32.548999905586, 32485972.553
144, -0.5962755720984, -0.067242368170068, 1.0260734533615, 14745.571375187, -0.83511612408874, -0.39854974160127, 0.74607773616971, -0.741516172481, 1.2667630210938, -0.11789418103939, 0.18103973420638, 1.2187844771784, -0.071571001768019, -10.5712098845, 6.5443235299585, 0.13342390040903, 2.0160696640442, 0.92534363197865, -36.008270944396, 48.758118801157, 623144953.499, 144, 33.561000108719, 32486006.115
145, -0.58643600060215, -0.22129652933697, 1.0293204915845, 21543.319133034, -0.88279365127446, -0.50589183476063, 0.64585511679209, -1.7524984336204, 0.51002350482033, 0.2775211212451, -0.91360800104106, 0.60723287486836, 0.006347797472945, -10.896390094226, 7.4909989925509, 5.7707540907965, 2.0911698069234, 1.0174729378259, -36.514162779157, 49.640912452431, 623144997.753, 145, 44.253999948502, 32486050.37
146, -0.93565426792032, -0.18710054973002, 0.99893338791395, 21561.695814649, -1.1737673882744, -0.30795995903291, 0.66011682309413, -2.8214617498443, -0.5292451680326, 0.61991442877025, -2.1755465464466, -0.072005458145356, 0.10864309918897, -10.236753355951, 8.4849672772454, 5.1106372677024, 1.8273819252466, 1.2134946304554, -36.82212273819, 50.814679840705, 623145031.843, 146, 34.090000033379, 32486084.461
147, -0.58895944431357, -0.22104534675096, 1.0201250736904, 18671.469730942, -0.88245526937373, -0.49901166434782, 0.63925698645982, 1.9995920890552, 1.4845933950788, -0.45850360062694, 2.8940336149254, 1.1918389981447, 0.06245329745105, -9.409574694295, 9.0427365324566, 4.4713802812426, 2.0854473804978, 1.0137750951768, -37.321134402538, 51.697135110079, 623145063.129, 147, 31.286000013351, 32486115.748
148, -0.27013673118391, -0.51680460340215, 1.0500224376852, 18724.98206278, -0.71282380356438, -0.85436597502803, 0.45227091113756, 0.82120224513855, 1.7377702971773, 0.27703090704484, 1.6511299208771, 1.2663927755772, 0.64284917409907, -8.3965123703255, 9.4810297259109, 4.019109370105, 2.4462660275193, 1.1126809939123, -38.175500377566, 52.409958913644, 623145097.119, 148, 33.989999890327, 32486149.739
149, -0.22047688773923, -0.26840591782281, 1.0558113695746, 17904.819506726, -0.58048341295513, -0.71745108841317, 0.61942908059854, -0.34949672169505, 1.7574226951712, 0.82830759436003, 0.45498167177733, 1.2349237864524, 1.0006523950149, -7.4931559951676, 9.3790099170384, 3.3996802895065, 2.4613327849125, 0.92287434517451, -38.892951465979, 52.990442326599, 623145132.211, 149, 35.092000007629, 32486184.833
150, -0.57728551793999, 0.054467264083384, 1.0210227420408, 18480.442077728, -0.77289496921663, -0.32427509534482, 0.82230877469677, -1.7101784269169, 1.8061114821145, 0.98575104558728, -0.85179489832306, 1.4083696262, 1.098923693585, -7.2958293478647, 8.5870370849804, 2.5773715148097, 1.9680494472709, 0.83816524080951, -39.217226561324, 53.763337295815, 623145164.168, 150, 31.957000017166, 32486216.79
151, -0.87964090949198, 0.029092821683171, 1.358233318234, 17859.388618495, -1.143454467173, -0.40954398948974, 1.0696718519534, 2.4130064878157, -0.57933134584543, -0.36252660892869, -2.6843671070615, 1.1206471690198, 0.63603325637693, -8.0915286416884, 7.7416465079589, 1.5076996628563, 1.9147254199551, 1.2145840431296, -39.626770550813, 54.906791762988, 623145197.686, 151, 33.518000006676, 32486250.309
152, -0.59751299647454, 0.00978473782308, 1.2761903530579, 15577.035874439, -0.87641069803729, -0.49931085574837, 0.98405909222257, 1.7348806618732, 0.78101402729553, 0.31519063512102, 2.4727049918145, 0.14175738005576, 0.41757084661303, -9.0617583546385, 7.777820990729, 0.52364057063377, 2.0886553476012, 1.0086659716191, -40.126081406562, 55.783202461026, 623145231.226, 152, 33.540000081062, 32486283.85
153, -0.96948461081733, -0.052106011559581, 1.2897669419747, 16335.492899851, -1.2342957780582, -0.38078661968144, 0.96831280803382, 0.15639504346563, 1.5970796441583, 0.67086045547024, 0.95958815057115, 1.0747516130912, 0.84091710176636, -9.4754069658014, 8.9519466549236, 5.8385130697795, 1.8700376425504, 1.2916983074467, -40.506868026243, 57.017498239084, 623145264.263, 153, 33.036999940872, 32486316.889
154, -1.2270406209381, -0.28547654925143, 1.0364265854466, 16242.469730942, -1.4794171438597, -0.26410592081786, 0.63472717735113, -1.6655165075749, 1.4748789119054, 0.31122998009395, -0.73922439691787, 1.3743614139059, 0.40517775241262, -8.6580974850789, 10.184913905254, 5.2037858924284, 1.7474555869918, 1.5028063823916, -40.770973947061, 58.496915382943, 623145296.714, 154, 32.450999975204, 32486349.341
155, -1.1805243810879, -0.26562044365419, 0.87914503586832, 20177.555891239, -1.3880065706358, -0.17656791070958, 0.5285352980655, 3.0218778386188, -0.56320478324889, 0.41522604785096, -2.229631022736, 1.1397653603849, -0.30576313495614, -7.359779648156, 10.664228223872, 4.6752505943629, 1.6973264389602, 1.3991920766001, -40.947541857771, 59.884921953579, 623145341.978, 155, 45.264000058174, 32486394.606
156, -1.5147533142521, -0.2400350896655, 0.86892212189081, 20531.250280584, -1.6741934957523, -0.0032578597974958, 0.55153025877995, 1.5405456604882, 0.79580549928354, 0.73466514465967, 2.1870982544759, 0.036867997316901, 0.8026186889048, -5.784753501976, 10.15804052902, 4.123720335583, 1.5727422522173, 1.6741966655294, -40.950799717568, 61.559115449332, 623145374.966, 156, 32.987999916077, 32486427.595
157, -1.8206782834387, -0.25189885944937, 0.80921484004751, 18783.109491779, -1.9351884325762, 0.16281273583613, 0.51155532252455, -0.53443639956712, 1.2829415259407, 0.38898852287167, 0.33894746399526, 1.0078801856777, 0.38825214039585, -4.6330871538013, 8.6190055991365, 3.6121650130584, 1.48686123838, 1.9420252976023, -40.787986981732, 63.494303881908, 623145408.061, 157, 33.09500002861, 32486460.691
158, -1.591235042274, -0.19842090783764, 1.1530924546094, 18954.704035874, -1.804650195256, -0.11404398588904, 0.794514737025, -2.613426058903, 0.72509226401022, 0.13473031801597, -1.7158629533743, 0.98637341886038, 0.067027454193189, -4.3931835135913, 6.8714342537437, 2.8176502760334, 1.6339069149911, 1.8082500816963, -40.902030967621, 65.298954077164, 623145442.214, 158, 34.152999997139, 32486494.845
159, -1.6100387539719, -0.025922225878436, 1.1133885659345, 18831.895700935, -1.7484083121871, 0.031541136507755, 0.88011611757906, 1.8815366459855, 0.63491306029779, 0.14618717585, 2.6336818514616, 0.026158960883648, 0.21412820138344, -5.5885535031202, 5.6680048217042, 1.9375341584543, 1.5527583688482, 1.7486927887474, -40.870489831113, 67.047362389351, 623145476.782, 159, 34.568000078201, 32486529.414
160, -1.6021723633698, -0.048019074327791, 1.2662502287818, 18655.437593423, -1.7909064355692, -0.079244889589919, 0.97929880110516, -0.19938877922385, 1.2697466880897, 0.33770298859535, 0.66703612676289, 0.9593402285609, 0.35517669859987, -7.3093985296473, 5.8037016550882, 0.95823535734918, 1.615015963338, 1.7926588112324, -40.949734720703, 68.83826882492, 623145509.986, 160, 33.203999996185, 32486562.619
161, -1.2644884054022, -0.26049390471814, 1.0958704049461, 16857.551943199, -1.5199711273555, -0.26696640771669, 0.69723500728587, -1.9807810473516, 0.84213297532761, 0.35717503032464, -1.0950036721741, 0.89501062907617, 0.21222613659052, -8.3779658894336, 6.8763685660503, 0.26100035006331, 1.7446620649594, 1.54323792425, -41.21670112842, 70.358239952275, 623145543.127, 161, 33.140999913216, 32486595.761
162, -1.2597731323561, -0.23099364757608, 1.4377445697667, 21102.019431988, -1.598037742885, -0.45723307478921, 0.97196149396679, 2.5725282925186, 0.73256345705447, -0.2835903691935, -2.8783219652371, -0.15834120197632, -0.02599450893471, -8.4639151805971, 8.475501403458, 5.5722241632761, 1.8494724951021, 1.6621632628494, -41.673934203209, 71.95627769516, 623145575.158, 162, 32.03100001812, 32486627.792
163, -1.2180852583706, -0.24584996782248, 1.4411949126881, 15497.264947683, -1.5671413621711, -0.48781356608991, 0.96297588516404, 0.60299873433348, 1.4478617886149, 0.084839124648128, 1.4786124725409, 1.0969080536195, 0.28358589786811, -7.2335684792629, 9.4706726715422, 4.6092482781121, 1.8725657452732, 1.6413086621013, -42.161747769299, 73.523419057332, 623145608.524, 163, 33.366000056267, 32486661.16
164, -0.98193739943946, 0.10555356861584, 1.3011181355666, 18511.644245142, -1.1916166539668, -0.27876592702578, 1.0819382250776, -1.18495204316, 1.5475773499989, 0.32742552021907, -0.27254059842342, 1.3602642399216, 0.43691109359316, -6.1639034007504, 9.0002799140293, 3.5273100530345, 1.8006028306402, 1.2237894802954, -42.440513696325, 74.715035711298, 623145651.368, 164, 42.84399998188, 32486704.004
165, -0.6980697285589, 0.21457933844662, 1.1923097058481, 19263.339686099, -0.86945090786799, -0.26897991750853, 1.0614391154762, -2.6452216749775, 0.94841231320776, 0.72236552915724, -1.7468766007748, 0.97278011331992, 0.61288015982421, -6.0294877318055, 8.140187041984, 2.4658709375583, 1.8708249147057, 0.91010717897145, -42.709493613833, 75.584486619166, 623145685.529, 165, 34.161000013351, 32486738.167
166, -0.82001005352389, -0.14982323853646, 1.1667711475671, 19361.385046729, -1.1027589296521, -0.43740912734253, 0.8054901612501, 2.366244043534, 0.39876565688831, -0.17086649999081, 3.1333777411196, -0.2018356159247, -0.087756537120672, -6.7752666240657, 7.2562963437564, 1.6603807763082, 1.948411282656, 1.186340592583, -43.146902741176, 76.687245548818, 623145718.691, 166, 33.161999940872, 32486771.33
167, -0.5213190965574, -0.011114454650625, 1.1583442487777, 15007.226457399, -0.78394208891252, -0.47576011887673, 0.87905952058536, 1.3443611127201, 1.4275640515694, 0.25653333555893, 2.1511372046399, 0.89482092652527, 0.57362964423931, -7.647878031085, 7.0834765106952, 0.78132125572286, 2.1162605521872, 0.91701302579741, -43.622662860053, 77.471187637731, 623145751.792, 167, 33.101000070572, 32486804.432
168, -0.54593773030332, -0.055071557285438, 0.81667480910793, 17501.52690583, -0.72890384328108, -0.28613787579286, 0.59570372578058, 0.2708960593906, 1.7755169734975, 0.38835788676484, 1.1134863864955, 1.3315075097055, 0.68090934277046, -8.2318769919381, 7.5887513544886, 0.18561752994228, 1.9448717690481, 0.78305535992877, -43.908800735845, 78.200091481012, 623145784.233, 168, 32.440999984741, 32486836.874
169, -0.74402143148447, -0.05191191703264, 0.89454302204245, 15277.060538117, -0.92565516871566, -0.24222315551223, 0.66404849784238, -1.0754088679846, 1.7809763432358, 0.3141300770422, -0.16468258855221, 1.5468218425485, 0.52962039893149, -8.3346771041092, 8.5235345527641, 5.8047543392795, 1.8267350491558, 0.95682263164931, -44.151023891358, 79.125746649728, 623145817.656, 169, 33.422999978065, 32486870.298
170, -0.70025720521155, 0.11320784061423, 0.81916739729115, 19244.295590433, -0.8065578459813, -0.10796869302463, 0.71555474690938, -2.3230160829493, 1.4828541491309, 0.23457869672475, -1.3749954868679, 1.4954764852414, 0.3991007555011, -7.8189609487112, 9.1319319986628, 5.0891995923701, 1.7038687738153, 0.81375229498137, -44.258992584382, 79.932304495709, 623145850.749, 170, 33.093000054359, 32486903.391
171, -0.630804201872, 0.44669785467127, 0.72340629223504, 20753.628785047, -0.59826268162068, 0.13742842249478, 0.86253392430858, 2.5677008632552, -0.64654683021896, -0.4232365408354, -2.5115693594815, 1.0860540526456, 0.60633402337693, -7.2460725987452, 8.9670393601171, 4.2266656680615, 1.3450010014027, 0.6138442860607, -44.121564161888, 80.53056717733, 623145883.673, 171, 32.923999905586, 32486936.317
172, -0.68442871943288, 0.48944285393366, 1.0836925797723, 18371.366591928, -0.7286055230564, -0.02909134368465, 1.1621851281956, 1.6964927321228, 0.66690573791703, -0.32747191295652, 2.5471104429448, 0.29268441488865, -0.30935066320362, -6.8883666222449, 8.3755211488, 3.0644805398659, 1.6107025564355, 0.7291860630221, -44.150655505572, 81.259172700386, 623145927.978, 172, 44.305000066757, 32486980.623
173, -0.95300778025037, 0.73916892204475, 0.97281044236212, 16282.893124066, -0.84800603825226, 0.32264684515436, 1.2560809901049, 0.20193560755413, 1.4796555556441, -0.4551547214216, 1.1390434028541, 1.4121905651825, -0.24384480320134, -7.635504295961, 7.9653379220152, 1.808399549761, 1.207232517281, 0.90731208941596, -43.828008660418, 82.107178738638, 623145960.735, 173, 32.756999969482, 32487013.382
174, -0.92393548192096, 0.54016886524101, 0.98039865610313, 17331.572122571, -0.89591808024454, 0.17456777740759, 1.1284846419863, -1.4086182628147, 1.5218849914739, -0.33707717450035, -0.46256618351932, 1.6208970654445, -0.12283395626164, -8.3891476315881, 8.3959210296448, 0.67991490777466, 1.378359559309, 0.91276673658613, -43.65344088301, 83.003096818883, 623145992.728, 174, 31.993000030518, 32487045.375
175, -0.93099454701655, 0.58682495367967, 0.77069585758606, 19661.516467066, -0.82839168399475, 0.33557900111279, 1.0031153620778, -2.8964468563221, 1.1168882873666, -0.13795361290883, -1.9557479437814, 1.4180759460704, 0.05787507943859, -8.2129869605064, 9.2366907127782, 5.9599848528764, 1.1859037058578, 0.89378187948712, -43.317861881897, 83.831488502878, 623146023.836, 175, 31.107999920845, 32487076.484
176, -0.92963402815269, 0.41018435469023, 0.79080635634583, 19421.404040404, -0.89636519182166, 0.20701684466163, 0.90084337888773, 2.2174083896912, 0.17887311926803, 0.016703040107644, 2.910722782534, -0.48819832733494, -0.031457939428465, -7.462909145795, 9.7176811468823, 5.0591414739887, 1.3438244756404, 0.91996007037433, -43.110845037236, 84.727853694699, 623146056.658, 176, 32.822000026703, 32487109.307
177, -0.88159784020757, 0.43723380387163, 0.84432452970279, 15666.90284006, -0.85829532904976, 0.17065489336091, 0.95680619671273, 1.1211385599145, 1.1167497923, -0.071691671680754, 1.9884345359503, 0.75312901156111, 0.052595632264222, -6.6637812954379, 9.4458150191681, 4.102335277276, 1.3745259825696, 0.87509654581461, -42.940190143875, 85.586149023749, 623146099.983, 177, 43.325000047684, 32487152.633
178, -0.92697984083503, 0.39836075915043, 0.49203443104472, 15918.797458894, -0.81706136576286, 0.3793936220853, 0.66974025202138, -0.011903764203963, 1.4558815459215, -0.39458852129055, 0.92385927564408, 1.3938109992691, -0.21296148625986, -6.4956080377309, 8.5767979139219, 3.4325950252546, 1.1360821105412, 0.90084893067666, -42.56079652179, 86.403210389512, 623146133.853, 178, 33.870000004768, 32487186.504
179, -0.80973498874791, 0.50985549321057, 0.83367433001788, 15976.952167414, -0.76508793043247, 0.19237943802407, 0.99411612753362, -1.4044158474683, 1.5397955725042, -0.26419553623296, -0.45835846620767, 1.6071947482385, -0.054906647736936, -6.8272825532545, 7.8943595394166, 2.438478897721, 1.3244557869227, 0.78890391649928, -42.368417083766, 87.168298319944, 623146166.004, 179, 32.151000022888, 32487218.656
180, -0.65485251153548, 0.49894757449051, 0.79688696861775, 19396.528400598, -0.62084041442898, 0.1378890261376, 0.95307561661683, -2.6364425616916, 1.1607117308626, 0.10368299965588, -1.6947479107497, 1.3347026562863, 0.20990968132274, -7.4317868390097, 7.788978661351, 1.4854032811042, 1.3522432864304, 0.63596871284484, -42.230528057628, 87.789138734373, 623146198.997, 180, 32.992999911308, 32487251.65
181, -0.71878599105984, 0.84896132419662, 0.81695741276853, 18247.948804185, -0.55707128483532, 0.38381696829329, 1.2029813646375, 2.253720805479, -0.073306729010254, -0.76670420169631, -2.8807798661731, 0.43250171787803, 0.94462372844056, -7.6087102444157, 8.4028295813496, 0.28242191646666, 0.96749739129648, 0.67649381485563, -41.846711089335, 88.346210019209, 623146233.078, 181, 34.081000089645, 32487285.732
182, -0.76102377387665, 0.89912095267873, 1.1650112967564, 15683.630044843, -0.67125569454121, 0.22445737865832, 1.4979524929827, 0.80598761023391, 1.0701707732763, -0.77903088151039, 1.7386934810501, 1.0640331534108, -0.70095059245792, -7.1492957914644, 8.8587179863318, 5.0676547306635, 1.2481001832321, 0.70778903798248, -41.622253710676, 89.01746571375, 623146264.934, 182, 31.855999946594, 32487317.59
183, -0.85635678725413, 1.0946935365258, 1.138392729574, 16634.187593423, -0.67852497880078, 0.41164467953145, 1.6117665475158, -1.0691371400438, 1.6526716955398, -0.52277544743715, -0.12307388544778, 1.7643113971001, -0.23410015077272, -6.7603707505758, 8.2583897050922, 3.4558881831477, 1.0254826089144, 0.79362931463194, -41.210609031145, 89.695990692551, 623146297.676, 183, 32.741999983788, 32487350.332
184, -0.86311226042947, 0.72428468185623, 1.4636243003556, 19265.304932735, -0.90656644637952, -0.025406769392983, 1.6091112271793, -2.9154836306353, 0.65147658793352, 0.24731244905571, -2.0196066317169, 0.94499339459519, 0.18099673535062, -7.1250290026142, 7.5265034106866, 1.8467769559684, 1.5988142630439, 0.90692239228733, -41.236015800538, 90.60255713893, 623146331.378, 184, 33.702000021935, 32487384.035
185, -0.81804364886525, 0.75478528000625, 1.4343166969365, 18702.926008969, -0.84738862767865, -0.0079072950873366, 1.6056246777622, 1.8292770677853, 1.0460277148871, -0.8420085743614, 2.7699686807017, 0.9182581841993, -0.61892140780865, -7.7893435163595, 7.9046629938924, 0.24115227820613, 1.5801274239247, 0.84742551981557, -41.243923095625, 91.449945766609, 623146376.082, 185, 44.703999996185, 32487428.741
186, -0.81778572760916, 0.41363189154309, 1.4281103698463, 16398.33819133, -0.96854005131199, -0.22780105647513, 1.3745548057894, 0.011231780282965, 1.5566616651648, -0.53954921766575, 0.95405282282166, 1.5472563925094, -0.29333825143894, -7.5923118825023, 8.8063918353523, 5.1497827795964, 1.8017982387544, 0.99496892028174, -41.4717241521, 92.418485817921, 623146409.451, 186, 33.368999958038, 32487462.11
187, -0.81666957935106, 0.27306411356579, 1.4282771867915, 17044.157324365, -1.0182982579808, -0.3205128206076, 1.2813388013649, -1.7016701751919, 1.1099068825764, 0.041711605124473, -0.78153884857375, 1.1768286285771, 0.033603670948336, -6.5972027998319, 8.9079054246838, 3.8684439782314, 1.8757327793276, 1.0675485049311, -41.792236972708, 93.436784075902, 623146441.742, 187, 32.291000008583, 32487494.403
188, -0.50867246852656, -0.026066259281286, 1.5496483063922, 15892.995889387, -0.88440235704855, -0.7287200176126, 1.1608775173943, -2.6066619346396, -0.49481645093176, 0.73698896899767, -1.9704739197759, -0.13457925609266, 0.17649121640302, -5.791357269582, 8.1791619642583, 2.7075664608371, 2.2599825259003, 1.1459495596327, -42.520956990321, 94.32118643295, 623146475.639, 188, 33.897000074387, 32487528.3
189, -0.53629353931916, -0.1684890365662, 1.5447561964856, 16883.629297459, -0.95909381268804, -0.80665072655949, 1.0638254960959, 1.5428296256594, 1.9020851078027, -0.75929610155922, 2.4535119121611, 1.8334540795056, -0.1091821661242, -6.1071703937259, 7.0230425083691, 1.6437409647412, 2.2700744296838, 1.2532144015273, -43.32760771688, 95.280280245638, 623146508.447, 189, 32.807999968529, 32487561.11
190, -0.71161297921618, -0.15108072699839, 1.5440321171023, 18085.740284006, -1.109035015694, -0.71594315160462, 1.0819983061622, -0.40658274136558, 1.7378046009991, -0.40981385790557, 0.53471331334338, 1.7123455863969, -0.10315822097701, -7.3606369703548, 6.8907023810175, 0.561742658579, 2.1440404507474, 1.3200504772034, -44.043550868485, 96.389315261332, 623146541.077, 190, 32.629999995232, 32487593.741
191, -0.55143878287459, 0.035011577697283, 1.4824926180851, 15369.993273543, -0.88227285856124, -0.62870591714857, 1.15300406647, -1.8912038127889, 0.91615305972884, 0.23671474828053, -0.99332210191181, 0.98041238722648, 0.13332794366644, -7.944734885803, 7.7365175258312, 5.6919238992886, 2.1899274120076, 1.0833635249589, -44.672256785633, 97.271588119894, 623146574.772, 191, 33.694999933243, 32487627.437
192, -0.37320620250875, 0.033902347227716, 1.4886465679868, 16478.202167414, -0.72532857151826, -0.71333899722641, 1.1495854824643, -2.573740989329, -0.65770285245187, 1.0027964856547, -2.0047813678822, -0.33539040402796, 0.35120771977264, -7.5785479863286, 8.6299302589715, 4.5423384168243, 2.347860878595, 1.0173269197385, -45.38559578286, 97.996916691412, 623146608.182, 192, 33.410000085831, 32487660.847
193, -0.080417937145487, -0.067935929772354, 1.5112483323844, 15707.532511211, -0.50698649313989, -0.92548640667686, 1.086919253732, 1.4504149287061, 2.1952445357534, -0.95935210240968, -2.1809725866072, -2.1137048523322, 0.12601455351131, -6.6345777471044, 8.9810779709065, 3.4554191630923, 2.6404358826996, 1.0552537103322, -46.311082189536, 98.503903184552, 623146641.177, 193, 32.995000004768, 32487693.843
194, -0.17830642324985, -0.064539790268764, 1.2962916218309, 17331.796337818, -0.5346747689387, -0.74877685557004, 0.93262352852152, -0.16372928174384, 2.2406164424164, -0.54088253809602, 0.74495430635956, 2.2005653885276, 0.055550109647701, -5.9978825333416, 8.3604895626186, 2.5227956345708, 2.5214898413745, 0.92007819666429, -47.059859045107, 99.03857795349, 623146674.61, 194, 33.432999968529, 32487727.278
195, -0.49877107439996, -0.15976003635283, 1.3181329495652, 16343.548953662, -0.86087551260496, -0.68027636594681, 0.89882575860644, -1.61273829547, 1.3513548816899, -0.30709467842874, -0.67192078376151, 1.4933778977772, -0.15904724891683, -6.4112657897051, 7.3812838819332, 1.6239698759643, 2.2395419921276, 1.0972158321263, -47.740135411053, 99.899453466095, 623146718.888, 195, 44.277999997139, 32487771.557
196, -0.46288841886121, 0.17008818331277, 1.4086527163603, 16698.150224215, -0.73447308674195, -0.53521497383488, 1.1838886646819, -2.5921746701313, -0.015948077314971, 0.41581899129937, -1.8272196011904, 0.31995182728982, 0.044489307709846, -7.2674884649588, 7.3031843532304, 0.4400812112824, 2.2005294376014, 0.90879358677608, -48.275350384888, 100.63392655284, 623146750.488, 196, 31.600000023842, 32487803.158
197, -0.58885144697119, -0.165632665914, 1.3926390184632, 16420.640508221, -0.96361210880363, -0.68882115174572, 0.95425403695179, 2.1844599643728, 1.6650900480933, -0.5747777206893, -2.6177974460474, -1.2226466215825, -0.096325656455348, -7.8971568409677, 8.2568278456099, 5.7690124815102, 2.1914077105805, 1.1844926657963, -48.964171536634, 101.59753866164, 623146784.145, 197, 33.656999945641, 32487836.816
198, -0.58835572507305, -0.13420982309046, 1.5736480350267, 18117.074738416, -1.0010294264262, -0.77830444226101, 1.1102815663467, 0.17397758364431, 2.0961873373871, -0.30380032557459, 1.0801407640956, 1.9312467993607, 0.20872712927353, -7.4174684799205, 9.3652189543286, 4.6587309151635, 2.23166892519, 1.2679975226373, -49.742475978895, 102.59856808807, 623146818.006, 198, 33.861000061035, 32487870.678
199, -0.70287528471503, -0.2008250140518, 1.4995091319283, 16379.900597907, -1.1070836167804, -0.72544890729302, 1.0153727085324, -1.6051299427679, 1.3107756709726, -0.054136066664523, -0.66976144348602, 1.3637083265754, 0.030834988001101, -6.1468149008275, 9.3890250088986, 3.643358206631, 2.1508738377825, 1.3235974658619, -50.467924886188, 103.70565170485, 623146849.816, 199, 31.80999994278, 32487902.489
200, -0.6408632882041, 0.019669563156222, 1.6817306868274, 16034.536621824, -1.0217403084432, -0.71944777700571, 1.2952808140181, -2.7545418226303, -0.43654630035684, 0.61349571557099, -2.0880047566357, -0.018431299583722, 0.11469565904489, -5.6197866401601, 8.345364071132, 2.3480773926129, 2.1842951235511, 1.2496232879296, -51.187372663194, 104.72739201329, 623146882.818, 200, 33.001999974251, 32487935.492
201, -0.43111541377048, 0.0072621472972742, 1.6447286757919, 15791.360986547, -0.82902513645061, -0.79946971859995, 1.2508441741164, 1.4942116005424, 2.0582911229324, -0.7540362004508, 2.3852671628895, 1.9993415854317, -0.018783734961531, -6.2763451561622, 7.4847194799273, 1.0972332184965, 2.3380475655147, 1.1517093851425, -51.986842381794, 105.55641714974, 623146927.059, 201, 44.241000056267, 32487979.735
202, -0.66486268044415, 0.0094766518591591, 1.6468454458634, 16982.39573991, -1.0373480811921, -0.6941604223418, 1.2634406910655, -0.64662779684917, 1.9027348276075, -0.53262027690457, 0.29348103081969, 1.9396939409765, -0.12865271230186, -7.2957189082898, 8.0623672478926, 6.1169778346106, 2.1605288115239, 1.2481785663513, -52.681002804135, 106.59376523093, 623146959.959, 202, 32.899999976158, 32488012.635
203, -0.29363587187279, -0.010301810666294, 1.5747530787388, 15856.968236173, -0.69368543240152, -0.830352260162, 1.1813090435905, -1.9770624143831, 0.80256824128445, 0.24136937865812, -1.0898946481091, 0.90146152903651, 0.10165216307198, -7.4162265647249, 9.0791252838336, 4.9356687910201, 2.4456294512302, 1.0819816796426, -53.511355064297, 107.28745066333, 623146994.017, 203, 34.057999968529, 32488046.694
204, -0.24044373634963, 0.00710202193393, 1.6274472775633, 15593.315396114, -0.65427113071454, -0.87485376610328, 1.2300440828532, -2.3917598362534, -1.0003662299416, 1.0835889849113, -1.9455855578081, -0.66284472164327, 0.318337111437, -6.5320915128296, 9.6054093885859, 3.705624708167, 2.4994603580641, 1.0924467147425, -54.386208830401, 107.94172179405, 623147025.725, 204, 31.708000063896, 32488078.403
205, -0.25016374526115, -0.040948924135743, 1.3844588176078, 15717.550074738, -0.61423712027622, -0.75450301451731, 1.0170658251274, 1.2248691814299, 2.1065824814251, -1.1610146387719, -2.1199232957192, -2.2762296678868, 0.424257931337, -5.7761454595511, 9.0568071749268, 2.6885588830396, 2.4583161044878, 0.97291419911569, -55.140711844918, 108.55595891433, 623147057.495, 205, 31.769999980927, 32488110.174
